 i_manufact_id | total_sales 
---------------+-------------
           550 |       28.57
           809 |       41.22
           703 |       44.55
           770 |       79.20
           405 |       85.33
           677 |      145.82
           533 |      209.73
           834 |      249.09
           823 |      281.70
           781 |      342.40
           582 |      353.75
           585 |      353.76
           652 |      381.80
           817 |      432.50
           789 |      454.50
           932 |      471.31
           558 |      514.36
           826 |      528.57
           949 |      591.26
           420 |      617.40
           465 |      683.74
           579 |      814.85
           554 |      830.86
           447 |      892.75
           587 |      900.48
           869 |     1020.28
           751 |     1043.68
           971 |     1049.50
           733 |     1094.56
           666 |     1207.98
           499 |     1241.56
           706 |     1289.68
           661 |     1330.60
           853 |     1359.36
           903 |     1371.99
           494 |     1403.28
           381 |     1422.22
           827 |     1442.73
           190 |     1473.60
           434 |     1508.85
           632 |     1515.78
           983 |     1560.33
           474 |     1563.55
           413 |     1574.28
           503 |     1588.09
           555 |     1599.94
           985 |     1603.14
           717 |     1606.93
           157 |     1698.69
           635 |     1759.56
           521 |     1762.32
           228 |     1784.49
           926 |     1831.11
           773 |     1922.23
           271 |     1939.94
           832 |     2016.12
           993 |     2031.93
           484 |     2245.74
           829 |     2260.70
           113 |     2282.16
           996 |     2321.51
           891 |     2336.76
           905 |     2351.13
           725 |     2352.40
           531 |     2376.67
           700 |     2389.79
           780 |     2392.30
          1000 |     2408.86
           729 |     2419.82
           163 |     2500.74
           699 |     2536.12
           122 |     2580.06
           783 |     2619.50
            28 |     2629.08
           839 |     2642.98
           200 |     2779.10
           643 |     2800.54
           936 |     2819.83
           598 |     2848.05
           749 |     2878.85
           603 |     2890.24
           310 |     2899.32
           815 |     2941.18
           623 |     2966.01
           990 |     3069.23
           509 |     3087.66
           981 |     3132.75
           964 |     3143.74
           183 |     3172.50
           423 |     3186.50
           600 |     3203.50
           721 |     3213.74
           108 |     3244.83
           205 |     3249.48
           349 |     3290.78
           630 |     3321.65
           347 |     3350.16
           493 |     3382.59
           337 |     3478.61
           644 |     3495.42
(100 rows)

