    i_item_id     |          agg1          |         agg2         |         agg3          |          agg4          
------------------+------------------------+----------------------+-----------------------+------------------------
 AAAAAAAAAACAAAAA |    70.0000000000000000 | 118.8500000000000000 |                  0.00 |    83.1900000000000000
 AAAAAAAAAACCAAAA |    54.0000000000000000 |  71.2900000000000000 |                  0.00 |    14.9700000000000000
 AAAAAAAAAAEDAAAA |    95.0000000000000000 | 102.8700000000000000 |                  0.00 |    18.5100000000000000
 AAAAAAAAAAFCAAAA |    66.0000000000000000 |  35.4000000000000000 |                  0.00 |    13.8000000000000000
 AAAAAAAAAAHAAAAA |    95.0000000000000000 |  97.0100000000000000 | 8940.3900000000000000 |    96.0300000000000000
 AAAAAAAAAAHBAAAA |    99.0000000000000000 |  16.2700000000000000 |                  0.00 |     4.8800000000000000
 AAAAAAAAAAIAAAAA |    99.0000000000000000 |  82.5800000000000000 | 3045.7100000000000000 |    66.8800000000000000
 AAAAAAAAAALDAAAA |    92.0000000000000000 | 125.1200000000000000 |                  0.00 |    46.2900000000000000
 AAAAAAAAAANAAAAA |    67.0000000000000000 |  28.8600000000000000 |                  0.00 |     8.9400000000000000
 AAAAAAAAAANBAAAA |    41.0000000000000000 |  59.5700000000000000 |                  0.00 |    10.1200000000000000
 AAAAAAAAAAODAAAA |    54.0000000000000000 | 128.2200000000000000 | 5450.4200000000000000 |   123.0900000000000000
 AAAAAAAAAAPBAAAA |    41.0000000000000000 |  36.9200000000000000 |                  0.00 |    14.0200000000000000
 AAAAAAAAABADAAAA |    53.0000000000000000 |  34.7100000000000000 |                  0.00 |     7.9800000000000000
 AAAAAAAAABBDAAAA |    49.5000000000000000 |  43.9750000000000000 |                  0.00 |    13.5700000000000000
 AAAAAAAAABDBAAAA |    91.0000000000000000 |  36.5400000000000000 |                  0.00 |    15.7100000000000000
 AAAAAAAAABECAAAA |    73.0000000000000000 | 116.5400000000000000 |                  0.00 |    71.0800000000000000
 AAAAAAAAABFBAAAA |    79.0000000000000000 |  88.5100000000000000 | 1862.5300000000000000 |    63.7200000000000000
 AAAAAAAAABICAAAA |    88.0000000000000000 |  23.3100000000000000 |  103.7600000000000000 |    10.7200000000000000
 AAAAAAAAABJBAAAA |    99.0000000000000000 | 109.8900000000000000 |                  0.00 |    24.1700000000000000
 AAAAAAAAABMBAAAA |    13.0000000000000000 |  10.7500000000000000 |                  0.00 |     3.2200000000000000
 AAAAAAAAABOBAAAA |    92.0000000000000000 | 137.8700000000000000 |                  0.00 |   126.8400000000000000
 AAAAAAAAABPAAAAA |    62.0000000000000000 |  92.0200000000000000 |                  0.00 |    42.3200000000000000
 AAAAAAAAABPBAAAA |    47.5000000000000000 |  45.3000000000000000 |   45.6600000000000000 |    35.7400000000000000
 AAAAAAAAACBCAAAA |    40.0000000000000000 |  55.6900000000000000 |                  0.00 |    43.4300000000000000
 AAAAAAAAACDDAAAA |    98.0000000000000000 |  75.1900000000000000 |                  0.00 |    54.8800000000000000
 AAAAAAAAACJCAAAA |    18.0000000000000000 |  97.7500000000000000 |                  0.00 |    76.2400000000000000
 AAAAAAAAACMAAAAA |   100.0000000000000000 | 144.4400000000000000 |                  0.00 |   127.1000000000000000
 AAAAAAAAACODAAAA |    46.0000000000000000 |  32.6000000000000000 |                  0.00 |    26.0800000000000000
 AAAAAAAAACPAAAAA |    42.0000000000000000 |  67.5300000000000000 |                  0.00 |    29.0300000000000000
 AAAAAAAAADABAAAA |    62.0000000000000000 | 166.9300000000000000 |   41.3600000000000000 |     8.3400000000000000
 AAAAAAAAADBAAAAA |    43.0000000000000000 | 130.9600000000000000 |                  0.00 |     3.9200000000000000
 AAAAAAAAADCDAAAA |    99.0000000000000000 |   7.1500000000000000 |                  0.00 |     4.9300000000000000
 AAAAAAAAADDCAAAA |    40.0000000000000000 | 138.6600000000000000 | 1454.7200000000000000 |    59.6200000000000000
 AAAAAAAAADICAAAA |    72.0000000000000000 |  73.9850000000000000 | 1002.5600000000000000 |    57.1800000000000000
 AAAAAAAAADIDAAAA |     2.0000000000000000 | 161.4000000000000000 |  160.7500000000000000 |   133.9600000000000000
 AAAAAAAAADJBAAAA |    94.0000000000000000 |   9.7100000000000000 |                  0.00 |     4.0700000000000000
 AAAAAAAAADKAAAAA |    30.0000000000000000 |  54.6800000000000000 |  102.7700000000000000 |     6.0100000000000000
 AAAAAAAAADLCAAAA |    77.0000000000000000 |  52.9050000000000000 |                  0.00 |    26.7850000000000000
 AAAAAAAAADNAAAAA |    66.0000000000000000 | 135.3600000000000000 |                  0.00 |    87.9800000000000000
 AAAAAAAAADOCAAAA |    41.0000000000000000 | 128.0300000000000000 |                  0.00 |    62.7300000000000000
 AAAAAAAAAEAAAAAA |    98.0000000000000000 |  74.9700000000000000 |                  0.00 |    53.9700000000000000
 AAAAAAAAAEADAAAA |    23.0000000000000000 |  46.9800000000000000 |                  0.00 |    29.1200000000000000
 AAAAAAAAAEBCAAAA |    78.0000000000000000 |  54.9100000000000000 |                  0.00 |    46.1200000000000000
 AAAAAAAAAEBDAAAA |    50.0000000000000000 |  63.8700000000000000 |                  0.00 |     4.4700000000000000
 AAAAAAAAAECCAAAA |    68.0000000000000000 |  38.4500000000000000 |                  0.00 |     8.4500000000000000
 AAAAAAAAAEDAAAAA |    11.0000000000000000 |  44.6000000000000000 |                  0.00 |    41.9200000000000000
 AAAAAAAAAEECAAAA |    24.0000000000000000 | 100.1600000000000000 |                  0.00 |    15.0200000000000000
 AAAAAAAAAEFCAAAA |    35.0000000000000000 | 142.8300000000000000 |                  0.00 |   124.2600000000000000
 AAAAAAAAAEJAAAAA |    48.0000000000000000 | 166.9200000000000000 |                  0.00 |                   0.00
 AAAAAAAAAEMDAAAA |    63.0000000000000000 |   8.4000000000000000 |                  0.00 |     7.4700000000000000
 AAAAAAAAAENCAAAA |    48.0000000000000000 | 114.0800000000000000 | 2409.3600000000000000 |   100.3900000000000000
 AAAAAAAAAFBCAAAA |    75.0000000000000000 | 135.1000000000000000 | 3364.9700000000000000 |   109.4300000000000000
 AAAAAAAAAFBEAAAA |    62.0000000000000000 | 116.5000000000000000 |  599.4700000000000000 |    96.6900000000000000
 AAAAAAAAAFDCAAAA |    54.0000000000000000 |  87.3000000000000000 | 2934.3600000000000000 |    65.4700000000000000
 AAAAAAAAAFGAAAAA |    97.0000000000000000 |  67.6900000000000000 |                  0.00 |    22.3300000000000000
 AAAAAAAAAFGCAAAA |     4.0000000000000000 | 140.2400000000000000 |                  0.00 |   123.4100000000000000
 AAAAAAAAAFHBAAAA |    35.0000000000000000 |  63.0600000000000000 |                  0.00 |     6.9300000000000000
 AAAAAAAAAFIBAAAA |    11.0000000000000000 |  42.0600000000000000 |                  0.00 |    10.5100000000000000
 AAAAAAAAAFJCAAAA |    87.0000000000000000 |  96.6200000000000000 |                  0.00 |    15.4500000000000000
 AAAAAAAAAFNCAAAA |    71.0000000000000000 | 142.1000000000000000 |                  0.00 |    32.6800000000000000
 AAAAAAAAAFODAAAA |    50.0000000000000000 | 151.4100000000000000 | 2241.5400000000000000 |    71.1600000000000000
 AAAAAAAAAGBAAAAA |    33.0000000000000000 |   6.9400000000000000 |                  0.00 |     4.7100000000000000
 AAAAAAAAAGBBAAAA |    86.0000000000000000 | 139.0600000000000000 | 2518.4400000000000000 |   108.4600000000000000
 AAAAAAAAAGDBAAAA |    33.0000000000000000 | 135.2400000000000000 |                  0.00 |    60.8500000000000000
 AAAAAAAAAGIDAAAA |    17.0000000000000000 |  32.0200000000000000 |                  0.00 |     8.6400000000000000
 AAAAAAAAAGJBAAAA |    80.0000000000000000 |   3.0000000000000000 |                  0.00 |     2.5500000000000000
 AAAAAAAAAGLAAAAA |    66.5000000000000000 |  91.7400000000000000 |                  0.00 |    30.7100000000000000
 AAAAAAAAAGNAAAAA |    67.0000000000000000 |  80.8900000000000000 |                  0.00 |     8.8900000000000000
 AAAAAAAAAHBDAAAA |    43.5000000000000000 | 105.8600000000000000 |  668.8800000000000000 |    25.4450000000000000
 AAAAAAAAAHCEAAAA |    19.0000000000000000 | 132.3000000000000000 |                  0.00 |    25.1300000000000000
 AAAAAAAAAHDAAAAA |    77.0000000000000000 | 168.2200000000000000 | 5898.6700000000000000 |   116.0700000000000000
 AAAAAAAAAHDEAAAA |    73.0000000000000000 | 154.1400000000000000 |                  0.00 |   147.9700000000000000
 AAAAAAAAAHHDAAAA |    33.0000000000000000 |  88.9000000000000000 |                  0.00 |    60.4500000000000000
 AAAAAAAAAHKCAAAA |    58.0000000000000000 | 136.0100000000000000 |                  0.00 |    12.2400000000000000
 AAAAAAAAAHLBAAAA |    48.0000000000000000 |  68.5700000000000000 |                  0.00 |    40.4500000000000000
 AAAAAAAAAIACAAAA |    83.0000000000000000 |  38.0000000000000000 |                  0.00 |    31.5400000000000000
 AAAAAAAAAIBCAAAA |    38.0000000000000000 | 165.5900000000000000 |                  0.00 |   105.9700000000000000
 AAAAAAAAAICBAAAA |    54.0000000000000000 |  88.3300000000000000 |   15.2000000000000000 | 0.88000000000000000000
 AAAAAAAAAIECAAAA | 1.00000000000000000000 |  50.5700000000000000 |   17.8000000000000000 |    44.5000000000000000
 AAAAAAAAAIFDAAAA |    19.0000000000000000 |  63.4900000000000000 |   10.3700000000000000 |    27.3000000000000000
 AAAAAAAAAINCAAAA |     4.0000000000000000 |  95.6000000000000000 |                  0.00 |    45.8800000000000000
 AAAAAAAAAJABAAAA |    74.0000000000000000 | 104.1400000000000000 |                  0.00 |    61.4400000000000000
 AAAAAAAAAJACAAAA |    60.0000000000000000 | 156.7100000000000000 |                  0.00 |    59.5400000000000000
 AAAAAAAAAJBEAAAA |    47.5000000000000000 |  35.6650000000000000 |                  0.00 |    17.4950000000000000
 AAAAAAAAAJHBAAAA |    53.0000000000000000 | 125.5000000000000000 |  381.7500000000000000 |    51.4500000000000000
 AAAAAAAAAJIAAAAA |    49.0000000000000000 |  52.2100000000000000 |                  0.00 |    42.2900000000000000
 AAAAAAAAAJJCAAAA |    68.0000000000000000 |  67.3800000000000000 |                  0.00 |    30.3200000000000000
 AAAAAAAAAJLDAAAA |    75.0000000000000000 |  90.9100000000000000 |                  0.00 |    53.6300000000000000
 AAAAAAAAAJOAAAAA |    16.0000000000000000 |  89.1300000000000000 |                  0.00 |    55.2600000000000000
 AAAAAAAAAKABAAAA |     7.0000000000000000 | 125.2900000000000000 |                  0.00 |    78.9300000000000000
 AAAAAAAAAKCBAAAA |    69.0000000000000000 |                      |                       |    55.8000000000000000
 AAAAAAAAAKCCAAAA |    71.0000000000000000 |  50.4500000000000000 |                  0.00 |                   0.00
 AAAAAAAAAKDBAAAA |    98.0000000000000000 | 145.0100000000000000 |                  0.00 |    15.9500000000000000
 AAAAAAAAAKFCAAAA |    76.0000000000000000 |  15.9600000000000000 |                  0.00 |    10.5300000000000000
 AAAAAAAAAKHCAAAA |    76.0000000000000000 |  99.9100000000000000 |                  0.00 |    98.9100000000000000
 AAAAAAAAAKICAAAA |    83.0000000000000000 |  47.6100000000000000 |                  0.00 |    40.9400000000000000
 AAAAAAAAAKJDAAAA |    28.5000000000000000 |  89.6250000000000000 |  537.4350000000000000 |    80.9400000000000000
 AAAAAAAAAKKDAAAA |    78.0000000000000000 |  42.9800000000000000 |                  0.00 |    35.2400000000000000
 AAAAAAAAAKOCAAAA |    55.0000000000000000 |  47.8400000000000000 |                  0.00 |    40.1800000000000000
 AAAAAAAAAKPAAAAA |    28.0000000000000000 |                      |                       |     2.0300000000000000
(100 rows)

