    i_item_id     | s_state | g_state |        agg1         |         agg2         |          agg3          |          agg4          
------------------+---------+---------+---------------------+----------------------+------------------------+------------------------
 AAAAAAAAAACCAAAA | TN      |       0 | 94.0000000000000000 |  78.2400000000000000 |                   0.00 |    26.6000000000000000
 AAAAAAAAAACCAAAA |         |       1 | 94.0000000000000000 |  78.2400000000000000 |                   0.00 |    26.6000000000000000
 AAAAAAAAAACDAAAA | TN      |       0 | 17.0000000000000000 |  29.1300000000000000 |                   0.00 |    24.4600000000000000
 AAAAAAAAAACDAAAA |         |       1 | 17.0000000000000000 |  29.1300000000000000 |                   0.00 |    24.4600000000000000
 AAAAAAAAAAEAAAAA | TN      |       0 | 16.0000000000000000 |  83.1200000000000000 |                   0.00 |    29.0900000000000000
 AAAAAAAAAAEAAAAA |         |       1 | 16.0000000000000000 |  83.1200000000000000 |                   0.00 |    29.0900000000000000
 AAAAAAAAAAEBAAAA | TN      |       0 | 10.0000000000000000 |  21.2900000000000000 |                   0.00 |     5.7400000000000000
 AAAAAAAAAAEBAAAA |         |       1 | 10.0000000000000000 |  21.2900000000000000 |                   0.00 |     5.7400000000000000
 AAAAAAAAAAEEAAAA | TN      |       0 | 19.0000000000000000 |  68.4700000000000000 |                   0.00 |    30.1200000000000000
 AAAAAAAAAAEEAAAA |         |       1 | 19.0000000000000000 |  68.4700000000000000 |                   0.00 |    30.1200000000000000
 AAAAAAAAAAFCAAAA | TN      |       0 | 41.0000000000000000 | 110.2500000000000000 |                   0.00 |    41.8900000000000000
 AAAAAAAAAAFCAAAA |         |       1 | 41.0000000000000000 | 110.2500000000000000 |                   0.00 |    41.8900000000000000
 AAAAAAAAAAGCAAAA | TN      |       0 |  6.0000000000000000 |  20.7600000000000000 |                   0.00 |    19.7200000000000000
 AAAAAAAAAAGCAAAA |         |       1 |  6.0000000000000000 |  20.7600000000000000 |                   0.00 |    19.7200000000000000
 AAAAAAAAAAKDAAAA | TN      |       0 | 66.0000000000000000 | 121.2800000000000000 |                   0.00 |    58.2100000000000000
 AAAAAAAAAAKDAAAA |         |       1 | 66.0000000000000000 | 121.2800000000000000 |                   0.00 |    58.2100000000000000
 AAAAAAAAAALAAAAA | TN      |       0 | 80.0000000000000000 | 114.3000000000000000 |                   0.00 |    28.5700000000000000
 AAAAAAAAAALAAAAA |         |       1 | 80.0000000000000000 | 114.3000000000000000 |                   0.00 |    28.5700000000000000
 AAAAAAAAAALCAAAA | TN      |       0 |  4.0000000000000000 | 119.9800000000000000 |                   0.00 |    33.5900000000000000
 AAAAAAAAAALCAAAA |         |       1 |  4.0000000000000000 | 119.9800000000000000 |                   0.00 |    33.5900000000000000
 AAAAAAAAAAMCAAAA | TN      |       0 | 23.0000000000000000 |  58.8000000000000000 |                   0.00 |    26.4600000000000000
 AAAAAAAAAAMCAAAA |         |       1 | 23.0000000000000000 |  58.8000000000000000 |                   0.00 |    26.4600000000000000
 AAAAAAAAAANDAAAA | TN      |       0 | 10.0000000000000000 | 107.9200000000000000 |   244.7200000000000000 |    45.3200000000000000
 AAAAAAAAAANDAAAA |         |       1 | 10.0000000000000000 | 107.9200000000000000 |   244.7200000000000000 |    45.3200000000000000
 AAAAAAAAABADAAAA | TN      |       0 | 77.0000000000000000 | 138.6800000000000000 |                   0.00 |    54.0800000000000000
 AAAAAAAAABADAAAA |         |       1 | 77.0000000000000000 | 138.6800000000000000 |                   0.00 |    54.0800000000000000
 AAAAAAAAABBDAAAA | TN      |       0 | 67.0000000000000000 |  38.1200000000000000 |                   0.00 |    32.0200000000000000
 AAAAAAAAABBDAAAA |         |       1 | 67.0000000000000000 |  38.1200000000000000 |                   0.00 |    32.0200000000000000
 AAAAAAAAABCCAAAA | TN      |       0 | 40.0000000000000000 |  90.4600000000000000 |                   0.00 |    72.3600000000000000
 AAAAAAAAABCCAAAA |         |       1 | 40.0000000000000000 |  90.4600000000000000 |                   0.00 |    72.3600000000000000
 AAAAAAAAABCEAAAA | TN      |       0 | 63.0000000000000000 |  30.6400000000000000 |  1083.2700000000000000 |    18.6900000000000000
 AAAAAAAAABCEAAAA |         |       1 | 63.0000000000000000 |  30.6400000000000000 |  1083.2700000000000000 |    18.6900000000000000
 AAAAAAAAABDBAAAA | TN      |       0 | 73.0000000000000000 |  47.9200000000000000 |                   0.00 |    20.6000000000000000
 AAAAAAAAABDBAAAA |         |       1 | 73.0000000000000000 |  47.9200000000000000 |                   0.00 |    20.6000000000000000
 AAAAAAAAABECAAAA | TN      |       0 | 85.0000000000000000 |   3.5000000000000000 |                   0.00 | 0.21000000000000000000
 AAAAAAAAABECAAAA |         |       1 | 85.0000000000000000 |   3.5000000000000000 |                   0.00 | 0.21000000000000000000
 AAAAAAAAABFCAAAA | TN      |       0 | 26.0000000000000000 |  64.1000000000000000 |                   0.00 | 0.64000000000000000000
 AAAAAAAAABFCAAAA |         |       1 | 26.0000000000000000 |  64.1000000000000000 |                   0.00 | 0.64000000000000000000
 AAAAAAAAABGBAAAA | TN      |       0 | 78.0000000000000000 |  72.9400000000000000 |                   0.00 |    10.2100000000000000
 AAAAAAAAABGBAAAA |         |       1 | 78.0000000000000000 |  72.9400000000000000 |                   0.00 |    10.2100000000000000
 AAAAAAAAABGDAAAA | TN      |       0 | 15.0000000000000000 |  68.1550000000000000 | 0.39000000000000000000 |    54.3650000000000000
 AAAAAAAAABGDAAAA |         |       1 | 15.0000000000000000 |  68.1550000000000000 | 0.39000000000000000000 |    54.3650000000000000
 AAAAAAAAABGEAAAA | TN      |       0 | 58.0000000000000000 | 109.5450000000000000 |                   0.00 |    39.9700000000000000
 AAAAAAAAABGEAAAA |         |       1 | 58.0000000000000000 | 109.5450000000000000 |                   0.00 |    39.9700000000000000
 AAAAAAAAABICAAAA | TN      |       0 | 60.0000000000000000 |  20.2800000000000000 |                   0.00 |    17.2300000000000000
 AAAAAAAAABICAAAA |         |       1 | 60.0000000000000000 |  20.2800000000000000 |                   0.00 |    17.2300000000000000
 AAAAAAAAABKDAAAA | TN      |       0 | 17.0000000000000000 |  96.0700000000000000 |   743.0000000000000000 |    67.2400000000000000
 AAAAAAAAABKDAAAA |         |       1 | 17.0000000000000000 |  96.0700000000000000 |   743.0000000000000000 |    67.2400000000000000
 AAAAAAAAABMAAAAA | TN      |       0 | 76.0000000000000000 |  48.6300000000000000 |  1007.2200000000000000 |    22.8500000000000000
 AAAAAAAAABMAAAAA |         |       1 | 76.0000000000000000 |  48.6300000000000000 |  1007.2200000000000000 |    22.8500000000000000
 AAAAAAAAACAAAAAA | TN      |       0 | 38.0000000000000000 | 132.3100000000000000 |                   0.00 |    21.1600000000000000
 AAAAAAAAACAAAAAA |         |       1 | 38.0000000000000000 | 132.3100000000000000 |                   0.00 |    21.1600000000000000
 AAAAAAAAACCBAAAA | TN      |       0 | 73.0000000000000000 |  31.2550000000000000 |                   0.00 |    22.2650000000000000
 AAAAAAAAACCBAAAA |         |       1 | 73.0000000000000000 |  31.2550000000000000 |                   0.00 |    22.2650000000000000
 AAAAAAAAACECAAAA | TN      |       0 | 34.0000000000000000 |  74.8200000000000000 |                   0.00 |    13.4600000000000000
 AAAAAAAAACECAAAA |         |       1 | 34.0000000000000000 |  74.8200000000000000 |                   0.00 |    13.4600000000000000
 AAAAAAAAACIAAAAA | TN      |       0 |  4.0000000000000000 |  73.2200000000000000 |    37.9900000000000000 |    16.1000000000000000
 AAAAAAAAACIAAAAA |         |       1 |  4.0000000000000000 |  73.2200000000000000 |    37.9900000000000000 |    16.1000000000000000
 AAAAAAAAACJDAAAA | TN      |       0 | 56.0000000000000000 |  36.3300000000000000 |   990.9600000000000000 |    20.3400000000000000
 AAAAAAAAACJDAAAA |         |       1 | 56.0000000000000000 |  36.3300000000000000 |   990.9600000000000000 |    20.3400000000000000
 AAAAAAAAACKCAAAA | TN      |       0 |  6.0000000000000000 | 125.8200000000000000 |                   0.00 |    78.0000000000000000
 AAAAAAAAACKCAAAA |         |       1 |  6.0000000000000000 | 125.8200000000000000 |                   0.00 |    78.0000000000000000
 AAAAAAAAACLAAAAA | TN      |       0 | 29.0000000000000000 |  67.6900000000000000 |   346.1500000000000000 |    14.2100000000000000
 AAAAAAAAACLAAAAA |         |       1 | 29.0000000000000000 |  67.6900000000000000 |   346.1500000000000000 |    14.2100000000000000
 AAAAAAAAACNBAAAA | TN      |       0 | 63.0000000000000000 |  26.7700000000000000 |                   0.00 |    11.7700000000000000
 AAAAAAAAACNBAAAA |         |       1 | 63.0000000000000000 |  26.7700000000000000 |                   0.00 |    11.7700000000000000
 AAAAAAAAACOAAAAA | TN      |       0 |  3.0000000000000000 |  91.8300000000000000 |                   0.00 |     4.5900000000000000
 AAAAAAAAACOAAAAA |         |       1 |  3.0000000000000000 |  91.8300000000000000 |                   0.00 |     4.5900000000000000
 AAAAAAAAACODAAAA | TN      |       0 | 35.5000000000000000 |  53.6800000000000000 |                   0.00 |    11.0950000000000000
 AAAAAAAAACODAAAA |         |       1 | 35.5000000000000000 |  53.6800000000000000 |                   0.00 |    11.0950000000000000
 AAAAAAAAADACAAAA | TN      |       0 | 18.0000000000000000 |  47.6100000000000000 |                   0.00 |    18.0900000000000000
 AAAAAAAAADACAAAA |         |       1 | 18.0000000000000000 |  47.6100000000000000 |                   0.00 |    18.0900000000000000
 AAAAAAAAADBDAAAA | TN      |       0 | 51.0000000000000000 |   7.5600000000000000 |    45.9400000000000000 | 1.43000000000000000000
 AAAAAAAAADBDAAAA |         |       1 | 51.0000000000000000 |   7.5600000000000000 |    45.9400000000000000 | 1.43000000000000000000
 AAAAAAAAADDBAAAA | TN      |       0 | 25.5000000000000000 | 106.0250000000000000 |                   0.00 |    48.5850000000000000
 AAAAAAAAADDBAAAA |         |       1 | 25.5000000000000000 | 106.0250000000000000 |                   0.00 |    48.5850000000000000
 AAAAAAAAADEEAAAA | TN      |       0 | 22.0000000000000000 | 104.8650000000000000 |    17.2000000000000000 |    74.6950000000000000
 AAAAAAAAADEEAAAA |         |       1 | 22.0000000000000000 | 104.8650000000000000 |    17.2000000000000000 |    74.6950000000000000
 AAAAAAAAADFCAAAA | TN      |       0 | 54.0000000000000000 |  74.7000000000000000 |                   0.00 |    20.1600000000000000
 AAAAAAAAADFCAAAA |         |       1 | 54.0000000000000000 |  74.7000000000000000 |                   0.00 |    20.1600000000000000
 AAAAAAAAADHBAAAA | TN      |       0 | 63.0000000000000000 |  98.6800000000000000 |                   0.00 |    44.4000000000000000
 AAAAAAAAADHBAAAA |         |       1 | 63.0000000000000000 |  98.6800000000000000 |                   0.00 |    44.4000000000000000
 AAAAAAAAADHDAAAA | TN      |       0 | 65.0000000000000000 |  57.2500000000000000 |                   0.00 |    24.6100000000000000
 AAAAAAAAADHDAAAA |         |       1 | 65.0000000000000000 |  57.2500000000000000 |                   0.00 |    24.6100000000000000
 AAAAAAAAADKDAAAA | TN      |       0 | 75.0000000000000000 | 110.5600000000000000 |                   0.00 |    14.3700000000000000
 AAAAAAAAADKDAAAA |         |       1 | 75.0000000000000000 | 110.5600000000000000 |                   0.00 |    14.3700000000000000
 AAAAAAAAADLAAAAA | TN      |       0 | 97.0000000000000000 | 179.4800000000000000 |                   0.00 |   123.8400000000000000
 AAAAAAAAADLAAAAA |         |       1 | 97.0000000000000000 | 179.4800000000000000 |                   0.00 |   123.8400000000000000
 AAAAAAAAAEAAAAAA | TN      |       0 | 63.0000000000000000 |  35.3900000000000000 |                   0.00 | 1.06000000000000000000
 AAAAAAAAAEAAAAAA |         |       1 | 63.0000000000000000 |  35.3900000000000000 |                   0.00 | 1.06000000000000000000
 AAAAAAAAAEAEAAAA | TN      |       0 | 20.0000000000000000 |  19.7200000000000000 |                   0.00 |     6.1100000000000000
 AAAAAAAAAEAEAAAA |         |       1 | 20.0000000000000000 |  19.7200000000000000 |                   0.00 |     6.1100000000000000
 AAAAAAAAAEBCAAAA | TN      |       0 | 92.0000000000000000 | 144.5500000000000000 |                   0.00 |    85.2800000000000000
 AAAAAAAAAEBCAAAA |         |       1 | 92.0000000000000000 | 144.5500000000000000 |                   0.00 |    85.2800000000000000
 AAAAAAAAAECBAAAA | TN      |       0 | 40.0000000000000000 | 109.7900000000000000 |                   0.00 |    57.0900000000000000
 AAAAAAAAAECBAAAA |         |       1 | 40.0000000000000000 | 109.7900000000000000 |                   0.00 |    57.0900000000000000
 AAAAAAAAAEDBAAAA | TN      |       0 | 96.0000000000000000 |  37.5700000000000000 |                   0.00 |    14.2700000000000000
 AAAAAAAAAEDBAAAA |         |       1 | 96.0000000000000000 |  37.5700000000000000 |                   0.00 |    14.2700000000000000
 AAAAAAAAAEDDAAAA | TN      |       0 | 22.0000000000000000 |   6.6700000000000000 |                   0.00 |     3.0000000000000000
 AAAAAAAAAEDDAAAA |         |       1 | 22.0000000000000000 |   6.6700000000000000 |                   0.00 |     3.0000000000000000
(100 rows)

