    i_item_id     |         agg1         |         agg2         |         agg3          |          agg4          
------------------+----------------------+----------------------+-----------------------+------------------------
 AAAAAAAAAAABAAAA |  91.0000000000000000 | 258.0400000000000000 | 3972.9600000000000000 |   242.5500000000000000
 AAAAAAAAAADEAAAA |  56.0000000000000000 | 158.1100000000000000 | 3865.5200000000000000 |    93.2800000000000000
 AAAAAAAAAAEBAAAA |  64.0000000000000000 | 231.5400000000000000 |                  0.00 |   213.0100000000000000
 AAAAAAAAAAIAAAAA |  95.0000000000000000 | 154.8100000000000000 |                  0.00 |    80.5000000000000000
 AAAAAAAAAAKDAAAA |  89.0000000000000000 |   3.4000000000000000 |   18.4700000000000000 | 1.73000000000000000000
 AAAAAAAAAALCAAAA |  71.0000000000000000 |  21.4500000000000000 |                  0.00 |    14.3700000000000000
 AAAAAAAAAAPCAAAA |  42.0000000000000000 | 108.7000000000000000 | 1323.8400000000000000 |    31.5200000000000000
 AAAAAAAAABADAAAA |  99.0000000000000000 |  87.8400000000000000 |                  0.00 |    10.5400000000000000
 AAAAAAAAABDAAAAA |  12.0000000000000000 | 133.4200000000000000 |                  0.00 |    36.0200000000000000
 AAAAAAAAABKAAAAA |  52.0000000000000000 |  97.0900000000000000 |                  0.00 |    84.4600000000000000
 AAAAAAAAABKDAAAA |  47.0000000000000000 | 206.4800000000000000 |                  0.00 |    39.2300000000000000
 AAAAAAAAABLBAAAA |  26.0000000000000000 |  57.8300000000000000 |                  0.00 |    56.0900000000000000
 AAAAAAAAACACAAAA |  17.0000000000000000 | 118.5500000000000000 |                  0.00 |   107.8800000000000000
 AAAAAAAAACBCAAAA |  46.0000000000000000 | 202.6600000000000000 |                  0.00 |    81.0600000000000000
 AAAAAAAAACDAAAAA |  40.0000000000000000 |  31.0900000000000000 |                  0.00 |    16.7800000000000000
 AAAAAAAAACGDAAAA |  13.0000000000000000 |  58.2400000000000000 |                  0.00 |    16.8800000000000000
 AAAAAAAAACKBAAAA |  28.0000000000000000 |  28.7300000000000000 |  222.0100000000000000 |    26.4300000000000000
 AAAAAAAAACKCAAAA |   9.0000000000000000 | 108.5800000000000000 |                  0.00 |    95.5500000000000000
 AAAAAAAAACLDAAAA |  18.0000000000000000 |  91.9500000000000000 |                  0.00 |    59.7600000000000000
 AAAAAAAAACMAAAAA |  11.0000000000000000 | 166.8700000000000000 |                  0.00 |    46.7200000000000000
 AAAAAAAAACODAAAA |  29.0000000000000000 |  27.0200000000000000 |                  0.00 |     2.1600000000000000
 AAAAAAAAACPAAAAA |  15.0000000000000000 |  85.7000000000000000 |                  0.00 |    60.8400000000000000
 AAAAAAAAADFDAAAA |  69.0000000000000000 |  78.3200000000000000 |                  0.00 |    43.8500000000000000
 AAAAAAAAADGCAAAA |   7.0000000000000000 | 210.6000000000000000 |                  0.00 |   181.1100000000000000
 AAAAAAAAADKDAAAA |  90.0000000000000000 |  99.1700000000000000 |                  0.00 |    84.2900000000000000
 AAAAAAAAADMCAAAA |  53.0000000000000000 |  63.5100000000000000 |                  0.00 |    53.9800000000000000
 AAAAAAAAAEBCAAAA |  11.0000000000000000 |  92.4500000000000000 |                  0.00 |    39.7500000000000000
 AAAAAAAAAEDBAAAA |  68.0000000000000000 |  90.7900000000000000 |                  0.00 |    11.8000000000000000
 AAAAAAAAAEICAAAA |  93.0000000000000000 | 224.8100000000000000 |                  0.00 |    24.7200000000000000
 AAAAAAAAAELCAAAA |  25.0000000000000000 |  88.3900000000000000 |                  0.00 |    83.9700000000000000
 AAAAAAAAAFBCAAAA |  29.0000000000000000 |  53.2850000000000000 |   66.5700000000000000 |    34.7550000000000000
 AAAAAAAAAFGAAAAA |  15.0000000000000000 |   6.7000000000000000 |                  0.00 | 0.80000000000000000000
 AAAAAAAAAFHBAAAA |  25.0000000000000000 | 148.0600000000000000 |                  0.00 |    69.5800000000000000
 AAAAAAAAAFJCAAAA |  11.0000000000000000 |  19.6100000000000000 |                  0.00 |    13.5300000000000000
 AAAAAAAAAFKBAAAA |  80.0000000000000000 |  20.3200000000000000 |                  0.00 |    14.8300000000000000
 AAAAAAAAAFMCAAAA |  28.0000000000000000 |  42.4700000000000000 |                  0.00 |    39.0700000000000000
 AAAAAAAAAGACAAAA |  43.0000000000000000 | 115.9450000000000000 |  899.8900000000000000 |   101.2050000000000000
 AAAAAAAAAGHBAAAA |  98.0000000000000000 |  27.0000000000000000 | 1375.9200000000000000 |    21.6000000000000000
 AAAAAAAAAGMCAAAA |   9.0000000000000000 | 181.4600000000000000 |  292.9600000000000000 |   125.2000000000000000
 AAAAAAAAAGNDAAAA |  53.0000000000000000 |  82.5700000000000000 |                  0.00 |    18.9900000000000000
 AAAAAAAAAGODAAAA |  33.0000000000000000 |  75.2700000000000000 |                  0.00 |    18.6850000000000000
 AAAAAAAAAHBAAAAA |  66.0000000000000000 |   8.0100000000000000 |                  0.00 |     5.8400000000000000
 AAAAAAAAAHBCAAAA |  57.0000000000000000 |  89.9500000000000000 |                  0.00 |    44.0700000000000000
 AAAAAAAAAHFBAAAA |  81.0000000000000000 | 128.4100000000000000 |                  0.00 |    61.6300000000000000
 AAAAAAAAAHHCAAAA |  49.0000000000000000 |  95.9200000000000000 |                  0.00 |    23.0200000000000000
 AAAAAAAAAHJBAAAA |  70.0000000000000000 | 158.0500000000000000 | 2783.2100000000000000 |    53.7300000000000000
 AAAAAAAAAHOBAAAA |  29.0000000000000000 |   9.8500000000000000 |   72.7600000000000000 |     9.6500000000000000
 AAAAAAAAAIFEAAAA |  67.0000000000000000 |   6.4600000000000000 |                  0.00 |     2.0600000000000000
 AAAAAAAAAJABAAAA |   6.0000000000000000 |  46.2300000000000000 |                  0.00 |    13.8600000000000000
 AAAAAAAAAJGCAAAA |  91.0000000000000000 |  58.6300000000000000 |                  0.00 |    19.9300000000000000
 AAAAAAAAAJHBAAAA |  14.0000000000000000 | 100.8600000000000000 |                  0.00 |    38.3200000000000000
 AAAAAAAAAJKBAAAA |  90.0000000000000000 |  35.6500000000000000 |                  0.00 |    29.2300000000000000
 AAAAAAAAAJMBAAAA |  30.0000000000000000 |   6.8800000000000000 |                  0.00 |     3.7800000000000000
 AAAAAAAAAKABAAAA |  91.0000000000000000 | 145.1100000000000000 | 2960.4600000000000000 |    55.1400000000000000
 AAAAAAAAAKFBAAAA |  11.5000000000000000 | 112.6400000000000000 |                  0.00 |    43.1550000000000000
 AAAAAAAAAKIBAAAA |  22.0000000000000000 | 104.9800000000000000 |                  0.00 |     2.0900000000000000
 AAAAAAAAALJAAAAA |  58.0000000000000000 |   4.5100000000000000 |                  0.00 |     3.3800000000000000
 AAAAAAAAALODAAAA |  23.0000000000000000 |  22.2000000000000000 |  195.3000000000000000 |    18.8700000000000000
 AAAAAAAAAMABAAAA |  87.0000000000000000 | 228.0100000000000000 |                  0.00 |    25.0800000000000000
 AAAAAAAAAMFAAAAA |  15.0000000000000000 |  68.7400000000000000 |  273.7300000000000000 |    30.9300000000000000
 AAAAAAAAAMFCAAAA |  70.0000000000000000 |  23.4700000000000000 |                  0.00 |    18.3000000000000000
 AAAAAAAAAMIAAAAA |  69.0000000000000000 | 128.6500000000000000 |  199.5800000000000000 |    11.5700000000000000
 AAAAAAAAAMICAAAA |  60.0000000000000000 | 168.2700000000000000 |                  0.00 |   159.8500000000000000
 AAAAAAAAAMNAAAAA |  93.0000000000000000 | 170.2800000000000000 |                  0.00 |    35.7500000000000000
 AAAAAAAAAMNBAAAA |  16.0000000000000000 |  98.9000000000000000 |  461.3700000000000000 |    53.4000000000000000
 AAAAAAAAAMOCAAAA |  22.0000000000000000 | 251.6000000000000000 |                  0.00 |   115.7300000000000000
 AAAAAAAAANCEAAAA |  74.0000000000000000 | 103.2300000000000000 |                  0.00 |    28.9000000000000000
 AAAAAAAAANGBAAAA |  31.0000000000000000 | 128.7800000000000000 |                  0.00 |    94.0000000000000000
 AAAAAAAAANIBAAAA |  95.0000000000000000 |  20.9900000000000000 |                  0.00 | 0.83000000000000000000
 AAAAAAAAANJAAAAA |  43.0000000000000000 |  85.7900000000000000 |                  0.00 |    32.6000000000000000
 AAAAAAAAAOADAAAA |  11.0000000000000000 | 138.5300000000000000 |                  0.00 |    56.7900000000000000
 AAAAAAAAAOBEAAAA | 100.0000000000000000 | 271.3300000000000000 |                  0.00 |   176.3600000000000000
 AAAAAAAAAODCAAAA |  70.0000000000000000 |  17.9200000000000000 |                  0.00 |    16.8400000000000000
 AAAAAAAAAOFEAAAA |  69.0000000000000000 |  47.9800000000000000 |                  0.00 |    16.3100000000000000
 AAAAAAAAAOHBAAAA |  52.0000000000000000 |  52.7700000000000000 |                  0.00 |    37.9900000000000000
 AAAAAAAAAOIBAAAA |  92.0000000000000000 | 147.1000000000000000 |                  0.00 |     8.8200000000000000
 AAAAAAAAAOPDAAAA |   8.0000000000000000 |  90.4900000000000000 |                  0.00 |    83.2500000000000000
 AAAAAAAAAPBAAAAA |  77.0000000000000000 |  48.4200000000000000 |                  0.00 | 1.93000000000000000000
 AAAAAAAAAPCAAAAA |  25.0000000000000000 | 103.8300000000000000 | 2416.9900000000000000 |    99.6700000000000000
 AAAAAAAAAPDCAAAA |  63.0000000000000000 |  16.3400000000000000 |                  0.00 |    11.6000000000000000
 AAAAAAAABADDAAAA |  71.0000000000000000 | 103.7300000000000000 | 1829.8800000000000000 |    36.3000000000000000
 AAAAAAAABAECAAAA |   6.0000000000000000 |  56.3200000000000000 |                  0.00 |    27.5900000000000000
 AAAAAAAABAFEAAAA |  75.0000000000000000 |  70.7500000000000000 |                  0.00 |    14.1500000000000000
 AAAAAAAABBDCAAAA |  93.0000000000000000 |   5.6500000000000000 |                  0.00 | 1.46000000000000000000
 AAAAAAAABCABAAAA |  14.0000000000000000 | 119.3000000000000000 |                  0.00 |    38.1700000000000000
 AAAAAAAABCAEAAAA |  60.0000000000000000 |  89.9600000000000000 |  893.8000000000000000 |    20.6900000000000000
 AAAAAAAABCKDAAAA |  67.0000000000000000 |  83.8400000000000000 |                  0.00 |    50.3000000000000000
 AAAAAAAABEEBAAAA |  12.0000000000000000 |   6.1600000000000000 |                  0.00 |     2.0300000000000000
 AAAAAAAABEFAAAAA |   5.0000000000000000 |  26.2200000000000000 |                  0.00 |    24.3800000000000000
 AAAAAAAABGADAAAA |  13.0000000000000000 | 139.4500000000000000 |                  0.00 |    97.6100000000000000
 AAAAAAAABGGDAAAA |  88.0000000000000000 |  85.7800000000000000 |                  0.00 |    10.2900000000000000
 AAAAAAAABGOBAAAA |  37.0000000000000000 |  87.9200000000000000 | 2573.6000000000000000 |    80.8800000000000000
 AAAAAAAABGPAAAAA |  98.0000000000000000 |  82.2100000000000000 |                  0.00 |    80.5600000000000000
 AAAAAAAABHNBAAAA |  28.0000000000000000 | 117.5900000000000000 |                  0.00 |    16.4600000000000000
 AAAAAAAABHPCAAAA |  89.0000000000000000 |  83.7400000000000000 |  524.6000000000000000 |     9.2100000000000000
 AAAAAAAABIBAAAAA |  62.0000000000000000 | 221.6700000000000000 | 5409.3700000000000000 |   106.4000000000000000
 AAAAAAAABIKAAAAA |  14.0000000000000000 |  47.6400000000000000 |                  0.00 | 1.90000000000000000000
 AAAAAAAABILCAAAA |  43.0000000000000000 | 106.2300000000000000 |                  0.00 |    16.9900000000000000
 AAAAAAAABJPAAAAA |  43.0000000000000000 | 172.0200000000000000 | 1473.3800000000000000 |   142.7700000000000000
 AAAAAAAABKCAAAAA |  76.5000000000000000 |  27.9850000000000000 |                  0.00 |    19.0950000000000000
(100 rows)

