351
497
753
954
1038
1141
1567
1964
3373
4201
4827
4905
5045
5409
6451
7545
8102
8757
9317
9462
10245
10362
10673
11016
11623
11965
12593
12873
13219
13347
13494
13539
13596
13975
14070
14147
14192
14462
14863
14891
15021
15462
15553
16033
16587
16748
16767
16886
17054
17245
17533
17564
18236
18238
18556
18584
18883
18971
19243
21421
21532
21829
22042
22238
22963
23365
23429
23596
23622
23638
23672
24476
24680
24712
25179
25250
25662
25668
25716
25957
26125
26693
26810
26993
27379
27794
27931
28056
28194
28387
28571
29013
29293
29542
29647
29766
29818
30004
30566
30797
30863
30865
31088
31326
32502
32609
32636
32811
33233
33396
33510
33914
34064
34121
34175
34279
34338
35054
35819
35886
36020
36033
36196
37543
37557
37894
37910
38002
39473
39593
40132
40597
41521
41912
42149
42199
42251
42490
42776
42991
43021
43103
43192
43218
44809
44963
45041
45111
45130
45664
46168
46583
46718
46826
47226
49230
49501
50716
51190
52157
52494
52675
52683
52904
53426
53909
54014
55574
55678
56016
56274
56427
56461
56857
57326
57443
57580
57995
58186
58190
58435
58774
59752
59934
60058
60171
60839
61120
61520
62106
62493
62606
64094
64157
64202
64312
64349
66198
66425
67779
67875
68112
68581
69158
69187
69263
69282
69354
69375
69493
69735
69858
70338
70863
71385
71746
71947
72051
72770
74420
74817
74822
74914
75490
75543
76074
76218
76361
76390
76654
76839
77014
77857
77924
77927
77947
78321
78482
78504
79294
79350
80312
80345
80720
81326
82001
82138
82448
82603
82622
82919
83140
83274
83527
84051
84324
84716
84854
85458
85461
85471
85909
86402
87182
87389
87405
87512
87940
88364
88390
88919
89106
89471
89723
90028
90116
90261
90601
90835
91001
91041
91063
91069
91118
91398
91645
91964
92094
92200
92276
92707
93015
93268
93556
93826
93838
94267
94338
94956
95095
95336
95801
95961
96988
97156
97325
97534
97784
98059
98118
98133
99020
99076
99431
