58
190
240
414
651
807
1150
1333
1518
1786
1839
2447
2754
2846
2955
3102
3297
3619
3684
3844
3919
4125
4238
4506
4672
4787
5307
5833
6468
6763
8398
8483
9562
9693
9749
9898
10393
10667
11723
11911
12477
13096
13585
13777
13780
13811
13853
14156
14270
14403
14485
14653
14663
14919
15014
15081
15105
15124
15445
15797
16258
16470
16996
17197
17210
17329
17411
17496
17564
17618
18489
19181
19285
19777
19942
20029
20050
20398
20915
21119
21600
21798
22378
23043
23328
23924
23968
24112
24117
24795
24959
25364
25666
25894
25898
26680
26809
27035
27814
27820
28004
28887
29028
29212
29612
30004
30486
30558
31092
32051
32308
32502
33468
33734
33760
34187
34272
34641
35350
35416
35630
35851
36080
36314
36993
37200
37347
37445
38002
38125
38215
38962
39314
39437
39473
39816
39920
40002
40063
40116
40341
40870
41425
41513
41616
41638
41653
41853
41896
41987
42344
42388
42495
42775
42904
43611
43698
44038
44519
45216
45312
45432
45558
45575
45990
46106
46168
46182
47087
47328
47755
47958
48019
48418
49426
49600
49696
49738
51613
51658
52265
53322
53345
53426
53460
53776
54508
54540
54608
54794
54808
55402
55825
56119
56227
56268
56679
56930
57009
57079
57181
57227
57550
57779
57821
57855
58480
58720
58766
58807
58836
58998
59131
59171
59238
59409
59448
59676
59752
59792
59930
60395
60937
61251
61468
62137
62215
62342
62581
62681
62865
62950
63140
63338
64110
64176
64358
64734
64889
64903
64907
65318
65481
65537
65934
66218
66226
66388
66572
66869
67176
67703
68364
68658
68824
68892
69068
69179
69213
69430
70663
70759
70772
70976
71123
71298
71756
71909
71947
71951
72259
72527
72605
72721
72980
73291
73831
73854
73971
74004
74179
74580
75049
75308
75400
75422
75485
75901
76134
76155
76259
76393
76437
76667
76784
76792
76848
77009
77800
77833
78985
79060
79157
79304
79643
80012
80133
80162
80456
80474
80851
80915
81151
81447
82343
82429
82457
82534
82728
82919
82956
83072
83289
84088
84093
84295
84906
85010
85217
85269
85275
85773
85886
86228
86457
86803
86835
86858
87030
87100
87301
88042
88391
88606
88926
89001
89400
89462
89559
89676
90209
90362
90391
90537
91079
91209
91610
91746
91841
93086
93854
94171
94215
94233
94879
94965
95016
96316
96856
96878
97435
97780
98746
98787
98801
99390
99693
