    i_item_id     | s_state | g_state |        agg1         |         agg2         |          agg3          |          agg4          
------------------+---------+---------+---------------------+----------------------+------------------------+------------------------
 AAAAAAAAAABBAAAA | TN      |       0 |  8.0000000000000000 |  44.9500000000000000 | 0.00000000000000000000 |     7.6400000000000000
 AAAAAAAAAABBAAAA |         |       1 |  8.0000000000000000 |  44.9500000000000000 | 0.00000000000000000000 |     7.6400000000000000
 AAAAAAAAAACCAAAA | TN      |       0 | 94.0000000000000000 |  78.2400000000000000 | 0.00000000000000000000 |    26.6000000000000000
 AAAAAAAAAACCAAAA |         |       1 | 94.0000000000000000 |  78.2400000000000000 | 0.00000000000000000000 |    26.6000000000000000
 AAAAAAAAAACDAAAA | TN      |       0 | 28.5000000000000000 |  50.3800000000000000 | 0.00000000000000000000 |    30.4950000000000000
 AAAAAAAAAACDAAAA |         |       1 | 28.5000000000000000 |  50.3800000000000000 | 0.00000000000000000000 |    30.4950000000000000
 AAAAAAAAAAEAAAAA | TN      |       0 | 16.0000000000000000 |  83.1200000000000000 | 0.00000000000000000000 |    29.0900000000000000
 AAAAAAAAAAEAAAAA |         |       1 | 16.0000000000000000 |  83.1200000000000000 | 0.00000000000000000000 |    29.0900000000000000
 AAAAAAAAAAEBAAAA | TN      |       0 | 14.0000000000000000 |  52.1900000000000000 | 0.00000000000000000000 |     4.1150000000000000
 AAAAAAAAAAEBAAAA |         |       1 | 14.0000000000000000 |  52.1900000000000000 | 0.00000000000000000000 |     4.1150000000000000
 AAAAAAAAAAEEAAAA | TN      |       0 | 19.0000000000000000 |  68.4700000000000000 | 0.00000000000000000000 |    30.1200000000000000
 AAAAAAAAAAEEAAAA |         |       1 | 19.0000000000000000 |  68.4700000000000000 | 0.00000000000000000000 |    30.1200000000000000
 AAAAAAAAAAFAAAAA | TN      |       0 | 57.0000000000000000 |  40.2500000000000000 |   219.5100000000000000 |    13.2800000000000000
 AAAAAAAAAAFAAAAA |         |       1 | 57.0000000000000000 |  40.2500000000000000 |   219.5100000000000000 |    13.2800000000000000
 AAAAAAAAAAFCAAAA | TN      |       0 | 41.0000000000000000 | 110.2500000000000000 | 0.00000000000000000000 |    41.8900000000000000
 AAAAAAAAAAFCAAAA |         |       1 | 41.0000000000000000 | 110.2500000000000000 | 0.00000000000000000000 |    41.8900000000000000
 AAAAAAAAAAFDAAAA | TN      |       0 | 74.5000000000000000 | 133.5550000000000000 | 0.00000000000000000000 |    66.9800000000000000
 AAAAAAAAAAFDAAAA |         |       1 | 74.5000000000000000 | 133.5550000000000000 | 0.00000000000000000000 |    66.9800000000000000
 AAAAAAAAAAGCAAAA | TN      |       0 |  6.0000000000000000 |  20.7600000000000000 | 0.00000000000000000000 |    19.7200000000000000
 AAAAAAAAAAGCAAAA |         |       1 |  6.0000000000000000 |  20.7600000000000000 | 0.00000000000000000000 |    19.7200000000000000
 AAAAAAAAAAIAAAAA | TN      |       0 |  5.0000000000000000 | 108.3200000000000000 | 0.00000000000000000000 |    46.5700000000000000
 AAAAAAAAAAIAAAAA |         |       1 |  5.0000000000000000 | 108.3200000000000000 | 0.00000000000000000000 |    46.5700000000000000
 AAAAAAAAAAIDAAAA | TN      |       0 | 85.0000000000000000 | 168.4600000000000000 | 0.00000000000000000000 |   114.5500000000000000
 AAAAAAAAAAIDAAAA |         |       1 | 85.0000000000000000 | 168.4600000000000000 | 0.00000000000000000000 |   114.5500000000000000
 AAAAAAAAAAKDAAAA | TN      |       0 | 66.0000000000000000 | 121.2800000000000000 | 0.00000000000000000000 |    58.2100000000000000
 AAAAAAAAAAKDAAAA |         |       1 | 66.0000000000000000 | 121.2800000000000000 | 0.00000000000000000000 |    58.2100000000000000
 AAAAAAAAAALAAAAA | TN      |       0 | 80.0000000000000000 | 114.3000000000000000 | 0.00000000000000000000 |    28.5700000000000000
 AAAAAAAAAALAAAAA |         |       1 | 80.0000000000000000 | 114.3000000000000000 | 0.00000000000000000000 |    28.5700000000000000
 AAAAAAAAAALCAAAA | TN      |       0 |  4.0000000000000000 | 119.9800000000000000 | 0.00000000000000000000 |    33.5900000000000000
 AAAAAAAAAALCAAAA |         |       1 |  4.0000000000000000 | 119.9800000000000000 | 0.00000000000000000000 |    33.5900000000000000
 AAAAAAAAAALDAAAA | TN      |       0 | 83.0000000000000000 |  37.2100000000000000 |    18.5200000000000000 |     3.7200000000000000
 AAAAAAAAAALDAAAA |         |       1 | 83.0000000000000000 |  37.2100000000000000 |    18.5200000000000000 |     3.7200000000000000
 AAAAAAAAAAMCAAAA | TN      |       0 | 23.0000000000000000 |  58.8000000000000000 | 0.00000000000000000000 |    26.4600000000000000
 AAAAAAAAAAMCAAAA |         |       1 | 23.0000000000000000 |  58.8000000000000000 | 0.00000000000000000000 |    26.4600000000000000
 AAAAAAAAAANDAAAA | TN      |       0 | 10.0000000000000000 | 107.9200000000000000 |   244.7200000000000000 |    45.3200000000000000
 AAAAAAAAAANDAAAA |         |       1 | 10.0000000000000000 | 107.9200000000000000 |   244.7200000000000000 |    45.3200000000000000
 AAAAAAAAAAODAAAA | TN      |       0 | 82.0000000000000000 |  74.4700000000000000 | 0.00000000000000000000 |    58.8300000000000000
 AAAAAAAAAAODAAAA |         |       1 | 82.0000000000000000 |  74.4700000000000000 | 0.00000000000000000000 |    58.8300000000000000
 AAAAAAAAAAPBAAAA | TN      |       0 | 97.0000000000000000 |  75.4700000000000000 | 0.00000000000000000000 |    30.1800000000000000
 AAAAAAAAAAPBAAAA |         |       1 | 97.0000000000000000 |  75.4700000000000000 | 0.00000000000000000000 |    30.1800000000000000
 AAAAAAAAABADAAAA | TN      |       0 | 77.0000000000000000 | 138.6800000000000000 | 0.00000000000000000000 |    54.0800000000000000
 AAAAAAAAABADAAAA |         |       1 | 77.0000000000000000 | 138.6800000000000000 | 0.00000000000000000000 |    54.0800000000000000
 AAAAAAAAABBDAAAA | TN      |       0 | 67.0000000000000000 |  38.1200000000000000 | 0.00000000000000000000 |    32.0200000000000000
 AAAAAAAAABBDAAAA |         |       1 | 67.0000000000000000 |  38.1200000000000000 | 0.00000000000000000000 |    32.0200000000000000
 AAAAAAAAABCCAAAA | TN      |       0 | 40.0000000000000000 |  90.4600000000000000 | 0.00000000000000000000 |    72.3600000000000000
 AAAAAAAAABCCAAAA |         |       1 | 40.0000000000000000 |  90.4600000000000000 | 0.00000000000000000000 |    72.3600000000000000
 AAAAAAAAABCEAAAA | TN      |       0 | 63.0000000000000000 |  30.6400000000000000 |  1083.2700000000000000 |    18.6900000000000000
 AAAAAAAAABCEAAAA |         |       1 | 63.0000000000000000 |  30.6400000000000000 |  1083.2700000000000000 |    18.6900000000000000
 AAAAAAAAABDBAAAA | TN      |       0 | 73.0000000000000000 |  47.9200000000000000 | 0.00000000000000000000 |    20.6000000000000000
 AAAAAAAAABDBAAAA |         |       1 | 73.0000000000000000 |  47.9200000000000000 | 0.00000000000000000000 |    20.6000000000000000
 AAAAAAAAABDDAAAA | TN      |       0 | 30.0000000000000000 |  84.6400000000000000 | 0.00000000000000000000 |    35.5400000000000000
 AAAAAAAAABDDAAAA |         |       1 | 30.0000000000000000 |  84.6400000000000000 | 0.00000000000000000000 |    35.5400000000000000
 AAAAAAAAABDEAAAA | TN      |       0 | 33.0000000000000000 | 128.5900000000000000 | 0.00000000000000000000 |    99.0100000000000000
 AAAAAAAAABDEAAAA |         |       1 | 33.0000000000000000 | 128.5900000000000000 | 0.00000000000000000000 |    99.0100000000000000
 AAAAAAAAABECAAAA | TN      |       0 | 85.0000000000000000 |   3.5000000000000000 | 0.00000000000000000000 | 0.21000000000000000000
 AAAAAAAAABECAAAA |         |       1 | 85.0000000000000000 |   3.5000000000000000 | 0.00000000000000000000 | 0.21000000000000000000
 AAAAAAAAABFCAAAA | TN      |       0 | 26.0000000000000000 |  64.1000000000000000 | 0.00000000000000000000 | 0.64000000000000000000
 AAAAAAAAABFCAAAA |         |       1 | 26.0000000000000000 |  64.1000000000000000 | 0.00000000000000000000 | 0.64000000000000000000
 AAAAAAAAABGBAAAA | TN      |       0 | 78.0000000000000000 |  72.9400000000000000 | 0.00000000000000000000 |    10.2100000000000000
 AAAAAAAAABGBAAAA |         |       1 | 78.0000000000000000 |  72.9400000000000000 | 0.00000000000000000000 |    10.2100000000000000
 AAAAAAAAABGDAAAA | TN      |       0 | 15.0000000000000000 |  68.1550000000000000 | 0.39000000000000000000 |    54.3650000000000000
 AAAAAAAAABGDAAAA |         |       1 | 15.0000000000000000 |  68.1550000000000000 | 0.39000000000000000000 |    54.3650000000000000
 AAAAAAAAABGEAAAA | TN      |       0 | 57.0000000000000000 |  99.9466666666666667 | 0.00000000000000000000 |    45.7566666666666667
 AAAAAAAAABGEAAAA |         |       1 | 57.0000000000000000 |  99.9466666666666667 | 0.00000000000000000000 |    45.7566666666666667
 AAAAAAAAABICAAAA | TN      |       0 | 72.5000000000000000 |  73.7350000000000000 | 0.00000000000000000000 |    20.6950000000000000
 AAAAAAAAABICAAAA |         |       1 | 72.5000000000000000 |  73.7350000000000000 | 0.00000000000000000000 |    20.6950000000000000
 AAAAAAAAABJDAAAA | TN      |       0 | 50.0000000000000000 | 101.4800000000000000 |    44.8600000000000000 |    74.7200000000000000
 AAAAAAAAABJDAAAA |         |       1 | 50.0000000000000000 | 101.4800000000000000 |    44.8600000000000000 |    74.7200000000000000
 AAAAAAAAABKDAAAA | TN      |       0 | 17.0000000000000000 |  96.0700000000000000 |   743.0000000000000000 |    67.2400000000000000
 AAAAAAAAABKDAAAA |         |       1 | 17.0000000000000000 |  96.0700000000000000 |   743.0000000000000000 |    67.2400000000000000
 AAAAAAAAABLBAAAA | TN      |       0 | 37.0000000000000000 | 134.5600000000000000 | 0.00000000000000000000 |    22.8700000000000000
 AAAAAAAAABLBAAAA |         |       1 | 37.0000000000000000 | 134.5600000000000000 | 0.00000000000000000000 |    22.8700000000000000
 AAAAAAAAABLCAAAA | TN      |       0 | 57.0000000000000000 |  17.3200000000000000 | 0.00000000000000000000 |    15.2400000000000000
 AAAAAAAAABLCAAAA |         |       1 | 57.0000000000000000 |  17.3200000000000000 | 0.00000000000000000000 |    15.2400000000000000
 AAAAAAAAABMAAAAA | TN      |       0 | 76.0000000000000000 |  48.6300000000000000 |  1007.2200000000000000 |    22.8500000000000000
 AAAAAAAAABMAAAAA |         |       1 | 76.0000000000000000 |  48.6300000000000000 |  1007.2200000000000000 |    22.8500000000000000
 AAAAAAAAABNCAAAA | TN      |       0 | 14.0000000000000000 | 105.4000000000000000 | 0.00000000000000000000 |     8.4300000000000000
 AAAAAAAAABNCAAAA |         |       1 | 14.0000000000000000 | 105.4000000000000000 | 0.00000000000000000000 |     8.4300000000000000
 AAAAAAAAABPDAAAA | TN      |       0 | 66.5000000000000000 |  49.9250000000000000 |     7.3850000000000000 |    26.3050000000000000
 AAAAAAAAABPDAAAA |         |       1 | 66.5000000000000000 |  49.9250000000000000 |     7.3850000000000000 |    26.3050000000000000
 AAAAAAAAACAAAAAA | TN      |       0 | 38.0000000000000000 | 132.3100000000000000 | 0.00000000000000000000 |    21.1600000000000000
 AAAAAAAAACAAAAAA |         |       1 | 38.0000000000000000 | 132.3100000000000000 | 0.00000000000000000000 |    21.1600000000000000
 AAAAAAAAACACAAAA | TN      |       0 | 65.0000000000000000 |  57.8200000000000000 |  2605.9500000000000000 |    54.9200000000000000
 AAAAAAAAACACAAAA |         |       1 | 65.0000000000000000 |  57.8200000000000000 |  2605.9500000000000000 |    54.9200000000000000
 AAAAAAAAACBBAAAA | TN      |       0 | 96.0000000000000000 | 153.8800000000000000 | 0.00000000000000000000 |    67.7000000000000000
 AAAAAAAAACBBAAAA |         |       1 | 96.0000000000000000 | 153.8800000000000000 | 0.00000000000000000000 |    67.7000000000000000
 AAAAAAAAACCBAAAA | TN      |       0 | 73.0000000000000000 |  31.2550000000000000 | 0.00000000000000000000 |    22.2650000000000000
 AAAAAAAAACCBAAAA |         |       1 | 73.0000000000000000 |  31.2550000000000000 | 0.00000000000000000000 |    22.2650000000000000
 AAAAAAAAACCDAAAA | TN      |       0 | 40.0000000000000000 |  56.0000000000000000 | 0.00000000000000000000 |    28.1850000000000000
 AAAAAAAAACCDAAAA |         |       1 | 40.0000000000000000 |  56.0000000000000000 | 0.00000000000000000000 |    28.1850000000000000
 AAAAAAAAACDDAAAA | TN      |       0 |  3.0000000000000000 |   2.3100000000000000 | 0.93000000000000000000 | 1.73000000000000000000
 AAAAAAAAACDDAAAA |         |       1 |  3.0000000000000000 |   2.3100000000000000 | 0.93000000000000000000 | 1.73000000000000000000
 AAAAAAAAACECAAAA | TN      |       0 | 34.0000000000000000 |  74.8200000000000000 | 0.00000000000000000000 |    13.4600000000000000
 AAAAAAAAACECAAAA |         |       1 | 34.0000000000000000 |  74.8200000000000000 | 0.00000000000000000000 |    13.4600000000000000
 AAAAAAAAACFAAAAA | TN      |       0 | 11.0000000000000000 |  88.9400000000000000 | 0.00000000000000000000 |    62.2500000000000000
 AAAAAAAAACFAAAAA |         |       1 | 11.0000000000000000 |  88.9400000000000000 | 0.00000000000000000000 |    62.2500000000000000
 AAAAAAAAACIAAAAA | TN      |       0 |  4.0000000000000000 |  73.2200000000000000 |    37.9900000000000000 |    16.1000000000000000
 AAAAAAAAACIAAAAA |         |       1 |  4.0000000000000000 |  73.2200000000000000 |    37.9900000000000000 |    16.1000000000000000
 AAAAAAAAACJDAAAA | TN      |       0 | 72.0000000000000000 |  26.7450000000000000 |   495.4800000000000000 |    10.9400000000000000
 AAAAAAAAACJDAAAA |         |       1 | 72.0000000000000000 |  26.7450000000000000 |   495.4800000000000000 |    10.9400000000000000
(100 rows)

