    i_item_id     |        agg1         |         agg2         |          agg3          |          agg4          
------------------+---------------------+----------------------+------------------------+------------------------
 AAAAAAAAAAABAAAA | 79.0000000000000000 | 148.0200000000000000 |  1988.7700000000000000 |   122.4150000000000000
 AAAAAAAAAAACAAAA | 26.0000000000000000 | 178.6800000000000000 | 0.00000000000000000000 |   166.1700000000000000
 AAAAAAAAAADEAAAA | 56.0000000000000000 | 158.1100000000000000 |  3865.5200000000000000 |    93.2800000000000000
 AAAAAAAAAAEBAAAA | 64.0000000000000000 | 231.5400000000000000 | 0.00000000000000000000 |   213.0100000000000000
 AAAAAAAAAAEDAAAA | 18.0000000000000000 |  17.6100000000000000 |    19.9500000000000000 |     7.9200000000000000
 AAAAAAAAAAGBAAAA | 88.0000000000000000 |  47.5200000000000000 | 0.00000000000000000000 |    27.5600000000000000
 AAAAAAAAAAHBAAAA | 54.0000000000000000 | 169.4800000000000000 |  1200.6100000000000000 |    69.4800000000000000
 AAAAAAAAAAIAAAAA | 95.0000000000000000 | 154.8100000000000000 | 0.00000000000000000000 |    80.5000000000000000
 AAAAAAAAAAJBAAAA | 54.0000000000000000 | 139.9700000000000000 |  4193.0500000000000000 |   102.1700000000000000
 AAAAAAAAAAKDAAAA | 89.0000000000000000 |   3.4000000000000000 |    18.4700000000000000 | 1.73000000000000000000
 AAAAAAAAAALCAAAA | 71.0000000000000000 |  21.4500000000000000 | 0.00000000000000000000 |    14.3700000000000000
 AAAAAAAAAALDAAAA | 57.5000000000000000 | 117.1900000000000000 | 0.00000000000000000000 |    77.3250000000000000
 AAAAAAAAAAOCAAAA | 79.0000000000000000 | 217.4100000000000000 |   978.9600000000000000 |   123.9200000000000000
 AAAAAAAAAAPCAAAA | 42.0000000000000000 | 108.7000000000000000 |  1323.8400000000000000 |    31.5200000000000000
 AAAAAAAAABABAAAA |  5.0000000000000000 | 208.8400000000000000 | 0.00000000000000000000 |    60.5600000000000000
 AAAAAAAAABADAAAA | 99.0000000000000000 |  87.8400000000000000 | 0.00000000000000000000 |    10.5400000000000000
 AAAAAAAAABDAAAAA | 12.0000000000000000 | 133.4200000000000000 | 0.00000000000000000000 |    36.0200000000000000
 AAAAAAAAABKAAAAA | 52.0000000000000000 |  97.0900000000000000 | 0.00000000000000000000 |    84.4600000000000000
 AAAAAAAAABKCAAAA | 96.0000000000000000 | 111.2400000000000000 | 0.00000000000000000000 |    43.3800000000000000
 AAAAAAAAABKDAAAA | 47.0000000000000000 | 206.4800000000000000 | 0.00000000000000000000 |    39.2300000000000000
 AAAAAAAAABLBAAAA | 26.0000000000000000 |  57.8300000000000000 | 0.00000000000000000000 |    56.0900000000000000
 AAAAAAAAABMDAAAA | 16.0000000000000000 |   9.2700000000000000 | 0.00000000000000000000 | 1.29000000000000000000
 AAAAAAAAACACAAAA | 17.0000000000000000 | 118.5500000000000000 | 0.00000000000000000000 |   107.8800000000000000
 AAAAAAAAACBCAAAA | 46.0000000000000000 | 202.6600000000000000 | 0.00000000000000000000 |    81.0600000000000000
 AAAAAAAAACDAAAAA | 40.0000000000000000 |  31.0900000000000000 | 0.00000000000000000000 |    16.7800000000000000
 AAAAAAAAACEBAAAA |  4.0000000000000000 |  89.4400000000000000 |    93.8700000000000000 |    73.3400000000000000
 AAAAAAAAACGDAAAA | 29.0000000000000000 |  52.4400000000000000 | 0.00000000000000000000 |    13.8000000000000000
 AAAAAAAAACIBAAAA | 57.0000000000000000 | 149.8600000000000000 | 0.00000000000000000000 |    17.9800000000000000
 AAAAAAAAACKBAAAA | 28.0000000000000000 |  28.7300000000000000 |   222.0100000000000000 |    26.4300000000000000
 AAAAAAAAACKCAAAA |  9.0000000000000000 | 108.5800000000000000 | 0.00000000000000000000 |    95.5500000000000000
 AAAAAAAAACLDAAAA | 18.0000000000000000 |  91.9500000000000000 | 0.00000000000000000000 |    59.7600000000000000
 AAAAAAAAACMAAAAA | 11.0000000000000000 | 166.8700000000000000 | 0.00000000000000000000 |    46.7200000000000000
 AAAAAAAAACOBAAAA | 50.0000000000000000 | 107.6700000000000000 | 0.00000000000000000000 |    90.4400000000000000
 AAAAAAAAACODAAAA | 29.0000000000000000 |  27.0200000000000000 | 0.00000000000000000000 |     2.1600000000000000
 AAAAAAAAACPAAAAA | 15.0000000000000000 |  85.7000000000000000 | 0.00000000000000000000 |    60.8400000000000000
 AAAAAAAAADCDAAAA | 74.0000000000000000 |  68.3100000000000000 | 0.00000000000000000000 |     5.4600000000000000
 AAAAAAAAADEAAAAA |  2.0000000000000000 |   4.6000000000000000 | 0.00000000000000000000 | 1.15000000000000000000
 AAAAAAAAADFDAAAA | 69.0000000000000000 |  78.3200000000000000 | 0.00000000000000000000 |    43.8500000000000000
 AAAAAAAAADGCAAAA |  7.0000000000000000 | 210.6000000000000000 | 0.00000000000000000000 |   181.1100000000000000
 AAAAAAAAADHAAAAA | 87.0000000000000000 |  88.6000000000000000 | 0.00000000000000000000 |    86.8200000000000000
 AAAAAAAAADJBAAAA | 48.0000000000000000 | 221.7700000000000000 | 0.00000000000000000000 |   177.4100000000000000
 AAAAAAAAADKDAAAA | 90.0000000000000000 |  99.1700000000000000 | 0.00000000000000000000 |    84.2900000000000000
 AAAAAAAAADMCAAAA | 53.0000000000000000 |  63.5100000000000000 | 0.00000000000000000000 |    53.9800000000000000
 AAAAAAAAADNAAAAA | 24.0000000000000000 | 139.8200000000000000 | 0.00000000000000000000 |    53.1300000000000000
 AAAAAAAAADOAAAAA | 32.0000000000000000 | 172.0900000000000000 |  1189.3200000000000000 |    51.6200000000000000
 AAAAAAAAAEBAAAAA | 19.0000000000000000 | 161.0600000000000000 |  1540.7100000000000000 |   153.0000000000000000
 AAAAAAAAAEBCAAAA | 11.0000000000000000 |  92.4500000000000000 | 0.00000000000000000000 |    39.7500000000000000
 AAAAAAAAAECCAAAA | 34.0000000000000000 |  60.4300000000000000 |   122.2100000000000000 |    10.2700000000000000
 AAAAAAAAAEDBAAAA | 68.0000000000000000 |  90.7900000000000000 | 0.00000000000000000000 |    11.8000000000000000
 AAAAAAAAAEHCAAAA | 69.0000000000000000 | 102.4000000000000000 |  3645.8400000000000000 |    61.4400000000000000
 AAAAAAAAAEICAAAA | 93.0000000000000000 | 224.8100000000000000 | 0.00000000000000000000 |    24.7200000000000000
 AAAAAAAAAEKAAAAA | 81.0000000000000000 | 165.3400000000000000 | 0.00000000000000000000 |     8.2600000000000000
 AAAAAAAAAELCAAAA | 25.0000000000000000 |  88.3900000000000000 | 0.00000000000000000000 |    83.9700000000000000
 AAAAAAAAAEOCAAAA | 23.0000000000000000 |  49.4000000000000000 | 0.00000000000000000000 |    45.4400000000000000
 AAAAAAAAAFBCAAAA | 29.0000000000000000 |  53.2850000000000000 |    66.5700000000000000 |    34.7550000000000000
 AAAAAAAAAFDAAAAA | 11.0000000000000000 |   4.9300000000000000 | 0.00000000000000000000 | 1.67000000000000000000
 AAAAAAAAAFGAAAAA | 15.0000000000000000 |   6.7000000000000000 | 0.00000000000000000000 | 0.80000000000000000000
 AAAAAAAAAFHBAAAA | 25.0000000000000000 | 148.0600000000000000 | 0.00000000000000000000 |    69.5800000000000000
 AAAAAAAAAFHCAAAA | 46.0000000000000000 | 202.2100000000000000 | 0.00000000000000000000 |    97.0600000000000000
 AAAAAAAAAFJAAAAA | 66.0000000000000000 | 140.9700000000000000 | 0.00000000000000000000 |   135.3300000000000000
 AAAAAAAAAFJCAAAA | 11.0000000000000000 |  19.6100000000000000 | 0.00000000000000000000 |    13.5300000000000000
 AAAAAAAAAFKBAAAA | 48.0000000000000000 | 113.6900000000000000 |    10.4350000000000000 |    29.1550000000000000
 AAAAAAAAAFLBAAAA | 96.0000000000000000 |  71.6400000000000000 |  1519.7100000000000000 |    46.5600000000000000
 AAAAAAAAAFMCAAAA | 28.0000000000000000 |  42.4700000000000000 | 0.00000000000000000000 |    39.0700000000000000
 AAAAAAAAAFODAAAA | 83.0000000000000000 | 126.7800000000000000 | 0.00000000000000000000 |   122.9700000000000000
 AAAAAAAAAFPAAAAA | 97.0000000000000000 |  20.4300000000000000 | 0.00000000000000000000 | 1.02000000000000000000
 AAAAAAAAAGACAAAA | 43.0000000000000000 | 115.9450000000000000 |   899.8900000000000000 |   101.2050000000000000
 AAAAAAAAAGEBAAAA | 26.0000000000000000 | 122.6700000000000000 |   848.2900000000000000 |    42.9300000000000000
 AAAAAAAAAGEEAAAA | 79.0000000000000000 | 136.3500000000000000 |  2311.5000000000000000 |    79.0800000000000000
 AAAAAAAAAGHBAAAA | 98.0000000000000000 |  27.0000000000000000 |  1375.9200000000000000 |    21.6000000000000000
 AAAAAAAAAGIAAAAA | 58.0000000000000000 | 124.9800000000000000 |   586.7200000000000000 |    11.2400000000000000
 AAAAAAAAAGLDAAAA | 45.0000000000000000 |  52.5400000000000000 |   821.7000000000000000 |    41.5000000000000000
 AAAAAAAAAGMCAAAA |  9.0000000000000000 | 181.4600000000000000 |   292.9600000000000000 |   125.2000000000000000
 AAAAAAAAAGNDAAAA | 53.0000000000000000 |  82.5700000000000000 | 0.00000000000000000000 |    18.9900000000000000
 AAAAAAAAAGODAAAA | 33.0000000000000000 |  75.2700000000000000 | 0.00000000000000000000 |    18.6850000000000000
 AAAAAAAAAHBAAAAA | 66.0000000000000000 |   8.0100000000000000 | 0.00000000000000000000 |     5.8400000000000000
 AAAAAAAAAHBCAAAA | 57.0000000000000000 |  89.9500000000000000 | 0.00000000000000000000 |    44.0700000000000000
 AAAAAAAAAHFBAAAA | 47.5000000000000000 |  86.1800000000000000 | 0.00000000000000000000 |    48.8300000000000000
 AAAAAAAAAHHCAAAA | 49.0000000000000000 |  95.9200000000000000 | 0.00000000000000000000 |    23.0200000000000000
 AAAAAAAAAHJBAAAA | 70.0000000000000000 | 158.0500000000000000 |  2783.2100000000000000 |    53.7300000000000000
 AAAAAAAAAHJDAAAA | 77.0000000000000000 | 122.7800000000000000 | 0.00000000000000000000 |    81.0300000000000000
 AAAAAAAAAHKCAAAA | 53.0000000000000000 | 226.1900000000000000 | 0.00000000000000000000 |    79.1600000000000000
 AAAAAAAAAHMBAAAA | 67.0000000000000000 | 145.9100000000000000 | 0.00000000000000000000 |   144.4500000000000000
 AAAAAAAAAHNDAAAA | 56.0000000000000000 |  38.6100000000000000 | 0.00000000000000000000 |    28.1800000000000000
 AAAAAAAAAHOBAAAA | 29.0000000000000000 |   9.8500000000000000 |    72.7600000000000000 |     9.6500000000000000
 AAAAAAAAAIFBAAAA |  4.0000000000000000 |  86.1100000000000000 | 0.00000000000000000000 |    13.7700000000000000
 AAAAAAAAAIFEAAAA | 67.0000000000000000 |   6.4600000000000000 | 0.00000000000000000000 |     2.0600000000000000
 AAAAAAAAAIIBAAAA | 45.0000000000000000 | 165.6800000000000000 | 0.00000000000000000000 |    67.9200000000000000
 AAAAAAAAAIKBAAAA | 20.0000000000000000 |  13.7000000000000000 | 0.00000000000000000000 |    11.3700000000000000
 AAAAAAAAAINCAAAA | 39.0000000000000000 |  39.4100000000000000 | 0.00000000000000000000 |    16.5500000000000000
 AAAAAAAAAIOAAAAA | 90.0000000000000000 | 134.4000000000000000 | 0.00000000000000000000 |    21.5000000000000000
 AAAAAAAAAJABAAAA |  6.0000000000000000 |  46.2300000000000000 | 0.00000000000000000000 |    13.8600000000000000
 AAAAAAAAAJACAAAA | 59.0000000000000000 | 185.6900000000000000 | 0.00000000000000000000 |   133.6900000000000000
 AAAAAAAAAJBBAAAA | 64.0000000000000000 | 158.4300000000000000 | 0.00000000000000000000 |    95.0500000000000000
 AAAAAAAAAJGCAAAA | 91.0000000000000000 |  58.6300000000000000 | 0.00000000000000000000 |    19.9300000000000000
 AAAAAAAAAJHBAAAA | 14.0000000000000000 | 100.8600000000000000 | 0.00000000000000000000 |    38.3200000000000000
 AAAAAAAAAJKBAAAA | 90.0000000000000000 |  35.6500000000000000 | 0.00000000000000000000 |    29.2300000000000000
 AAAAAAAAAJMBAAAA | 30.0000000000000000 |   6.8800000000000000 | 0.00000000000000000000 |     3.7800000000000000
 AAAAAAAAAJPBAAAA | 77.0000000000000000 |  73.4700000000000000 | 0.00000000000000000000 |    61.7100000000000000
 AAAAAAAAAKABAAAA | 91.0000000000000000 | 145.1100000000000000 |  2960.4600000000000000 |    55.1400000000000000
(100 rows)

