 channel | i_brand_id | i_class_id | i_category_id |    sum     | sum 
---------+------------+------------+---------------+------------+-----
 catalog |    1001001 |          1 |             1 |   78894.33 |   9
 catalog |    1001001 |          1 |             2 |   65188.16 |  13
 catalog |    1001001 |          1 |             3 |   11046.72 |   1
 catalog |    1001001 |          1 |             4 |   29591.02 |  12
 catalog |    1001001 |          1 |             5 |   49205.99 |  14
 catalog |    1001001 |          1 |             6 |    7023.21 |   2
 catalog |    1001001 |          1 |             7 |   25138.02 |   6
 catalog |    1001001 |          1 |             8 |   55037.59 |   9
 catalog |    1001001 |          1 |             9 |   37808.58 |  10
 catalog |    1001001 |          1 |            10 |   46826.06 |  11
 catalog |    1001001 |          1 |               |  405759.68 |  87
 catalog |    1001001 |          2 |             3 |   30401.52 |   7
 catalog |    1001001 |          2 |             5 |   12633.87 |   3
 catalog |    1001001 |          2 |               |   43035.39 |  10
 catalog |    1001001 |          3 |             1 |    9706.26 |   2
 catalog |    1001001 |          3 |             2 |   27919.03 |   6
 catalog |    1001001 |          3 |             4 |   16915.76 |   2
 catalog |    1001001 |          3 |             6 |   14199.09 |   2
 catalog |    1001001 |          3 |             8 |    5587.55 |   2
 catalog |    1001001 |          3 |             9 |    6201.75 |   1
 catalog |    1001001 |          3 |               |   80529.44 |  15
 catalog |    1001001 |          4 |             2 |   33701.04 |   7
 catalog |    1001001 |          4 |             4 |   34873.36 |   7
 catalog |    1001001 |          4 |               |   68574.40 |  14
 catalog |    1001001 |          5 |             9 |   12321.85 |   7
 catalog |    1001001 |          5 |            10 |    6802.13 |   2
 catalog |    1001001 |          5 |               |   19123.98 |   9
 catalog |    1001001 |          7 |             7 |   15341.93 |   2
 catalog |    1001001 |          7 |               |   15341.93 |   2
 catalog |    1001001 |          8 |             7 |   13355.58 |   3
 catalog |    1001001 |          8 |            10 |   10501.69 |   3
 catalog |    1001001 |          8 |               |   23857.27 |   6
 catalog |    1001001 |          9 |             6 |    7816.49 |   2
 catalog |    1001001 |          9 |               |    7816.49 |   2
 catalog |    1001001 |         11 |             9 |   52480.81 |   6
 catalog |    1001001 |         11 |               |   52480.81 |   6
 catalog |    1001001 |         12 |            10 |   20229.48 |   5
 catalog |    1001001 |         12 |               |   20229.48 |   5
 catalog |    1001001 |         15 |             9 |   14731.20 |   3
 catalog |    1001001 |         15 |            10 |   24939.53 |   4
 catalog |    1001001 |         15 |               |   39670.73 |   7
 catalog |    1001001 |            |               |  776419.60 | 163
 catalog |    1001002 |          1 |             1 | 1476082.51 | 271
 catalog |    1001002 |          1 |               | 1476082.51 | 271
 catalog |    1001002 |          2 |             1 |   86035.56 |  16
 catalog |    1001002 |          2 |               |   86035.56 |  16
 catalog |    1001002 |          3 |             1 |  167759.15 |  34
 catalog |    1001002 |          3 |               |  167759.15 |  34
 catalog |    1001002 |          4 |             1 |   70236.17 |  14
 catalog |    1001002 |          4 |               |   70236.17 |  14
 catalog |    1001002 |          5 |             1 |   16163.78 |   7
 catalog |    1001002 |          5 |               |   16163.78 |   7
 catalog |    1001002 |          6 |             1 |    7097.80 |   2
 catalog |    1001002 |          6 |               |    7097.80 |   2
 catalog |    1001002 |          7 |             1 |   18028.42 |   7
 catalog |    1001002 |          7 |               |   18028.42 |   7
 catalog |    1001002 |          8 |             1 |   43600.92 |   8
 catalog |    1001002 |          8 |               |   43600.92 |   8
 catalog |    1001002 |          9 |             1 |    9167.19 |   3
 catalog |    1001002 |          9 |               |    9167.19 |   3
 catalog |    1001002 |         12 |             1 |    7099.61 |   4
 catalog |    1001002 |         12 |               |    7099.61 |   4
 catalog |    1001002 |         15 |             1 |   17773.20 |   2
 catalog |    1001002 |         15 |               |   17773.20 |   2
 catalog |    1001002 |         16 |             1 |   38647.52 |   5
 catalog |    1001002 |         16 |               |   38647.52 |   5
 catalog |    1001002 |            |               | 1957691.83 | 373
 catalog |    1002001 |          1 |             1 |   39835.96 |   9
 catalog |    1002001 |          1 |             2 |   41873.28 |   4
 catalog |    1002001 |          1 |             4 |   16769.46 |   3
 catalog |    1002001 |          1 |             6 |   22274.30 |   2
 catalog |    1002001 |          1 |             9 |    7157.23 |   2
 catalog |    1002001 |          1 |            10 |   32954.80 |   2
 catalog |    1002001 |          1 |               |  160865.03 |  22
 catalog |    1002001 |          2 |             1 |  130952.97 |  28
 catalog |    1002001 |          2 |             2 |   81968.72 |  12
 catalog |    1002001 |          2 |             3 |   38814.12 |   8
 catalog |    1002001 |          2 |             4 |   48727.25 |  10
 catalog |    1002001 |          2 |             6 |   77760.71 |  11
 catalog |    1002001 |          2 |             7 |   72691.14 |  10
 catalog |    1002001 |          2 |             8 |   30113.17 |  12
 catalog |    1002001 |          2 |             9 |  124183.67 |  21
 catalog |    1002001 |          2 |            10 |   28538.91 |   3
 catalog |    1002001 |          2 |               |  633750.66 | 115
 catalog |    1002001 |          3 |             2 |    7818.99 |   2
 catalog |    1002001 |          3 |             7 |   11594.72 |   2
 catalog |    1002001 |          3 |             8 |   25055.80 |   6
 catalog |    1002001 |          3 |               |   44469.51 |  10
 catalog |    1002001 |          4 |             1 |   17777.50 |   7
 catalog |    1002001 |          4 |             3 |    6160.59 |   2
 catalog |    1002001 |          4 |             4 |   29977.38 |   5
 catalog |    1002001 |          4 |             5 |   30464.86 |   4
 catalog |    1002001 |          4 |               |   84380.33 |  18
 catalog |    1002001 |          5 |             9 |   32861.88 |   5
 catalog |    1002001 |          5 |            10 |   23199.05 |   2
 catalog |    1002001 |          5 |               |   56060.93 |   7
 catalog |    1002001 |          7 |             7 |    9855.27 |   3
 catalog |    1002001 |          7 |               |    9855.27 |   3
 catalog |    1002001 |         10 |             8 |    6173.52 |   2
 catalog |    1002001 |         10 |             9 |   19091.81 |   2
(100 rows)

 ty_channel | ty_brand | ty_class | ty_category | ty_sales  | ty_number_sales | ly_channel | ly_brand | ly_class | ly_category | ly_sales  | ly_number_sales 
------------+----------+----------+-------------+-----------+-----------------+------------+----------+----------+-------------+-----------+-----------------
 store      |  1001001 |        1 |           1 | 299985.35 |              87 | store      |  1001001 |        1 |           1 | 696651.00 |             178
 store      |  1001002 |        1 |           1 | 400124.70 |             114 | store      |  1001002 |        1 |           1 | 362066.33 |             103
 store      |  1002001 |        2 |           1 | 315024.70 |              90 | store      |  1002001 |        2 |           1 | 610904.79 |             178
 store      |  1002002 |        2 |           1 | 346678.74 |             104 | store      |  1002002 |        2 |           1 | 319768.33 |              93
 store      |  1003001 |        3 |           1 | 378304.53 |              98 | store      |  1003001 |        3 |           1 | 499368.59 |             142
 store      |  1003002 |        3 |           1 | 322303.50 |              91 | store      |  1003002 |        3 |           1 | 284458.01 |              65
 store      |  1004001 |        4 |           1 | 321776.26 |              99 | store      |  1004001 |        4 |           1 | 628998.10 |             160
 store      |  1004002 |        4 |           1 | 412708.68 |             110 | store      |  1004002 |        4 |           1 | 423950.29 |             105
 store      |  2001001 |        1 |           2 | 352093.93 |             102 | store      |  2001001 |        1 |           2 | 622179.69 |             167
 store      |  2001002 |        1 |           2 | 388820.07 |             100 | store      |  2001002 |        1 |           2 | 243475.95 |              66
 store      |  2002001 |        2 |           2 | 416280.89 |             114 | store      |  2002001 |        2 |           2 | 689190.51 |             189
 store      |  2002002 |        2 |           2 | 340190.11 |             101 | store      |  2002002 |        2 |           2 | 279968.16 |              80
 store      |  2003001 |        3 |           2 | 297889.93 |              74 | store      |  2003001 |        3 |           2 | 481444.87 |             134
 store      |  2003002 |        3 |           2 | 365632.16 |             102 | store      |  2003002 |        3 |           2 | 241822.06 |              70
 store      |  2004001 |        4 |           2 | 408596.30 |             104 | store      |  2004001 |        4 |           2 | 702248.09 |             193
 store      |  2004002 |        4 |           2 | 442563.45 |             114 | store      |  2004002 |        4 |           2 | 267747.23 |              73
 store      |  3001001 |        1 |           3 | 213476.95 |              64 | store      |  3001001 |        1 |           3 | 467416.83 |             137
 store      |  3001002 |        1 |           3 | 412986.63 |              99 | store      |  3001002 |        1 |           3 | 280009.18 |              82
 store      |  3002001 |        2 |           3 | 305273.56 |              83 | store      |  3002001 |        2 |           3 | 605549.36 |             179
 store      |  3002002 |        2 |           3 | 424204.84 |             109 | store      |  3002002 |        2 |           3 | 331257.15 |              93
 store      |  3003001 |        3 |           3 | 447574.76 |             118 | store      |  3003001 |        3 |           3 | 626324.79 |             177
 store      |  3003002 |        3 |           3 | 308108.21 |              95 | store      |  3003002 |        3 |           3 | 297773.95 |              85
 store      |  3004001 |        4 |           3 | 341893.71 |              85 | store      |  3004001 |        4 |           3 | 469429.48 |             142
 store      |  3004002 |        4 |           3 | 469404.25 |             142 | store      |  3004002 |        4 |           3 | 387445.19 |             104
 store      |  4001001 |        1 |           4 | 404572.84 |             101 | store      |  4001001 |        1 |           4 | 698401.54 |             188
 store      |  4001002 |        1 |           4 | 396202.62 |             104 | store      |  4001002 |        1 |           4 | 305712.30 |              90
 store      |  4002001 |        2 |           4 | 353310.46 |              88 | store      |  4002001 |        2 |           4 | 635797.77 |             171
 store      |  4002002 |        2 |           4 | 580189.80 |             157 | store      |  4002002 |        2 |           4 | 327418.22 |             107
 store      |  4003001 |        3 |           4 | 417344.85 |             112 | store      |  4003001 |        3 |           4 | 722808.39 |             191
 store      |  4003002 |        3 |           4 | 395761.93 |             106 | store      |  4003002 |        3 |           4 | 291198.70 |              80
 store      |  4004001 |        4 |           4 | 377778.38 |              91 | store      |  4004001 |        4 |           4 | 823581.99 |             206
 store      |  4004002 |        4 |           4 | 475794.04 |             125 | store      |  4004002 |        4 |           4 | 270706.26 |              66
 store      |  5001001 |        1 |           5 | 256044.81 |              81 | store      |  5001001 |        1 |           5 | 596346.17 |             157
 store      |  5001002 |        1 |           5 | 342224.88 |              94 | store      |  5001002 |        1 |           5 | 299176.81 |              77
 store      |  5002001 |        2 |           5 | 363792.81 |              84 | store      |  5002001 |        2 |           5 | 564324.40 |             146
 store      |  5002002 |        2 |           5 | 313342.48 |              94 | store      |  5002002 |        2 |           5 | 249445.82 |              70
 store      |  5003001 |        3 |           5 | 376511.77 |              92 | store      |  5003001 |        3 |           5 | 686102.33 |             193
 store      |  5003002 |        3 |           5 | 424849.85 |             113 | store      |  5003002 |        3 |           5 | 318870.23 |             107
 store      |  5004001 |        4 |           5 | 405142.95 |             102 | store      |  5004001 |        4 |           5 | 672983.95 |             203
 store      |  5004002 |        4 |           5 | 473163.12 |             121 | store      |  5004002 |        4 |           5 | 224175.58 |              72
 store      |  6001001 |        1 |           6 |  19207.26 |               3 | store      |  6001001 |        1 |           6 |  53448.75 |              10
 store      |  6001002 |        1 |           6 |  39565.41 |              11 | store      |  6001002 |        1 |           6 |  44701.76 |               9
 store      |  6001003 |        1 |           6 |   6646.86 |               1 | store      |  6001003 |        1 |           6 |  25241.27 |               7
 store      |  6001005 |        1 |           6 |  35201.07 |               6 | store      |  6001005 |        1 |           6 |  57099.72 |              13
 store      |  6001006 |        1 |           6 |  19625.01 |               5 | store      |  6001006 |        1 |           6 |  14469.90 |               2
 store      |  6001007 |        1 |           6 |   8720.37 |               4 | store      |  6001007 |        1 |           6 |  41286.24 |              10
 store      |  6001008 |        1 |           6 |  40447.25 |              12 | store      |  6001008 |        1 |           6 |  63318.48 |              16
 store      |  6002001 |        2 |           6 |  58420.95 |              12 | store      |  6002001 |        2 |           6 |  22254.48 |               8
 store      |  6002002 |        2 |           6 |  61277.67 |              12 | store      |  6002002 |        2 |           6 |  30820.84 |               7
 store      |  6002004 |        2 |           6 |  31328.38 |               5 | store      |  6002004 |        2 |           6 |   7808.12 |               3
 store      |  6002005 |        2 |           6 |  48909.29 |               7 | store      |  6002005 |        2 |           6 |  28536.20 |              14
 store      |  6002008 |        2 |           6 |   6054.36 |               4 | store      |  6002008 |        2 |           6 |  15686.90 |               2
 store      |  6003002 |        3 |           6 |  21546.88 |               9 | store      |  6003002 |        3 |           6 |  30544.32 |              11
 store      |  6003003 |        3 |           6 |   4422.28 |               2 | store      |  6003003 |        3 |           6 |  37819.55 |              10
 store      |  6003004 |        3 |           6 |  19528.17 |               7 | store      |  6003004 |        3 |           6 |  15602.40 |               6
 store      |  6003005 |        3 |           6 |  32185.22 |               7 | store      |  6003005 |        3 |           6 |  40842.48 |              17
 store      |  6003006 |        3 |           6 |  16407.37 |               5 | store      |  6003006 |        3 |           6 |  29999.72 |               6
 store      |  6003007 |        3 |           6 |  22369.93 |              11 | store      |  6003007 |        3 |           6 |  30428.16 |              14
 store      |  6003008 |        3 |           6 |  20249.36 |               6 | store      |  6003008 |        3 |           6 |  27019.02 |               8
 store      |  6004001 |        4 |           6 |  13353.32 |               2 | store      |  6004001 |        4 |           6 |  56549.64 |              11
 store      |  6004003 |        4 |           6 |  13411.41 |               3 | store      |  6004003 |        4 |           6 |  17602.41 |               7
 store      |  6004006 |        4 |           6 |  42391.43 |               8 | store      |  6004006 |        4 |           6 |  34257.19 |               6
 store      |  6004007 |        4 |           6 |  24294.41 |               6 | store      |  6004007 |        4 |           6 |   9755.48 |               4
 store      |  6004008 |        4 |           6 |  34183.40 |               9 | store      |  6004008 |        4 |           6 |  21036.76 |               4
 store      |  6005001 |        5 |           6 |  39347.22 |               7 | store      |  6005001 |        5 |           6 |  73405.10 |              16
 store      |  6005002 |        5 |           6 |  27397.15 |              12 | store      |  6005002 |        5 |           6 |  10556.31 |               4
 store      |  6005003 |        5 |           6 |  13915.10 |               2 | store      |  6005003 |        5 |           6 |  20209.13 |               6
 store      |  6005005 |        5 |           6 |  13684.62 |               3 | store      |  6005005 |        5 |           6 |  34134.59 |              11
 store      |  6005006 |        5 |           6 |  30171.75 |               7 | store      |  6005006 |        5 |           6 |  36034.44 |               8
 store      |  6005008 |        5 |           6 |   4954.41 |               4 | store      |  6005008 |        5 |           6 |   6710.13 |               3
 store      |  6006001 |        6 |           6 |  17847.47 |              10 | store      |  6006001 |        6 |           6 |  14696.47 |               6
 store      |  6006002 |        6 |           6 |  51827.50 |              14 | store      |  6006002 |        6 |           6 |  44033.61 |              10
 store      |  6006003 |        6 |           6 |  25242.18 |              12 | store      |  6006003 |        6 |           6 |  43340.27 |               9
 store      |  6006004 |        6 |           6 |  13697.93 |               4 | store      |  6006004 |        6 |           6 |   6833.04 |               4
 store      |  6006005 |        6 |           6 |   5340.88 |               4 | store      |  6006005 |        6 |           6 |  43269.96 |               9
 store      |  6006007 |        6 |           6 |  13771.01 |               4 | store      |  6006007 |        6 |           6 |  68970.73 |              23
 store      |  6006008 |        6 |           6 |  21687.48 |               7 | store      |  6006008 |        6 |           6 |  18830.62 |               6
 store      |  6007003 |        7 |           6 |  29719.73 |               7 | store      |  6007003 |        7 |           6 |  81726.77 |              16
 store      |  6007004 |        7 |           6 |  38490.74 |              11 | store      |  6007004 |        7 |           6 |  35843.95 |               9
 store      |  6007005 |        7 |           6 |   9807.00 |               2 | store      |  6007005 |        7 |           6 |   7034.57 |               3
 store      |  6007006 |        7 |           6 |  34809.97 |              11 | store      |  6007006 |        7 |           6 |  29609.20 |               8
 store      |  6007007 |        7 |           6 |  19706.92 |               8 | store      |  6007007 |        7 |           6 |  38040.45 |              11
 store      |  6007008 |        7 |           6 |  23942.69 |               6 | store      |  6007008 |        7 |           6 |  16689.63 |               7
 store      |  6008001 |        8 |           6 |  28123.59 |              12 | store      |  6008001 |        8 |           6 |  21607.24 |              11
 store      |  6008002 |        8 |           6 |  20015.07 |               4 | store      |  6008002 |        8 |           6 |  10158.21 |               3
 store      |  6008003 |        8 |           6 |  18455.48 |               3 | store      |  6008003 |        8 |           6 |  17685.48 |               4
 store      |  6008004 |        8 |           6 |  16340.33 |               6 | store      |  6008004 |        8 |           6 |  39540.36 |               7
 store      |  6008005 |        8 |           6 |  35064.09 |               8 | store      |  6008005 |        8 |           6 |  61185.09 |              20
 store      |  6008007 |        8 |           6 |  20868.46 |               4 | store      |  6008007 |        8 |           6 |  33864.15 |               8
 store      |  6008008 |        8 |           6 |  19311.50 |               9 | store      |  6008008 |        8 |           6 |  28256.78 |               5
 store      |  6009001 |        9 |           6 |  25407.85 |               9 | store      |  6009001 |        9 |           6 |  56235.20 |              20
 store      |  6009002 |        9 |           6 |  28801.89 |               8 | store      |  6009002 |        9 |           6 |  26953.92 |               6
 store      |  6009003 |        9 |           6 |  16673.05 |               4 | store      |  6009003 |        9 |           6 |  47244.50 |              14
 store      |  6009004 |        9 |           6 |  12672.02 |               4 | store      |  6009004 |        9 |           6 |  15283.86 |               4
 store      |  6009005 |        9 |           6 |  12458.83 |               5 | store      |  6009005 |        9 |           6 |  33968.88 |              13
 store      |  6009006 |        9 |           6 |  38349.50 |              10 | store      |  6009006 |        9 |           6 |  19357.52 |               4
 store      |  6009007 |        9 |           6 |   6121.08 |               3 | store      |  6009007 |        9 |           6 |  53509.14 |              13
 store      |  6009008 |        9 |           6 |  19295.64 |               6 | store      |  6009008 |        9 |           6 |  21871.07 |               5
 store      |  6010001 |       10 |           6 |  30947.10 |              13 | store      |  6010001 |       10 |           6 |  23094.94 |               6
 store      |  6010002 |       10 |           6 |  31731.96 |               7 | store      |  6010002 |       10 |           6 |  26196.89 |               9
(100 rows)

