    i_item_id     |         agg1         |         agg2         |          agg3          |          agg4          
------------------+----------------------+----------------------+------------------------+------------------------
 AAAAAAAAAAAEAAAA |  51.0000000000000000 | 137.8000000000000000 | 0.00000000000000000000 |    46.8500000000000000
 AAAAAAAAAABAAAAA |   2.0000000000000000 |  78.6000000000000000 |    31.0800000000000000 |    33.7900000000000000
 AAAAAAAAAACAAAAA |  54.0000000000000000 |  95.3000000000000000 | 0.00000000000000000000 |    48.7700000000000000
 AAAAAAAAAACCAAAA |  54.0000000000000000 |  71.2900000000000000 | 0.00000000000000000000 |    14.9700000000000000
 AAAAAAAAAADBAAAA |  14.0000000000000000 |  89.9500000000000000 | 0.00000000000000000000 |    17.9900000000000000
 AAAAAAAAAAEDAAAA |  95.0000000000000000 | 102.8700000000000000 | 0.00000000000000000000 |    18.5100000000000000
 AAAAAAAAAAFCAAAA |  66.0000000000000000 |  35.4000000000000000 | 0.00000000000000000000 |    13.8000000000000000
 AAAAAAAAAAHAAAAA |  95.0000000000000000 |  97.0100000000000000 |  8940.3900000000000000 |    96.0300000000000000
 AAAAAAAAAAHBAAAA |  99.0000000000000000 |  16.2700000000000000 | 0.00000000000000000000 |     4.8800000000000000
 AAAAAAAAAAIAAAAA |  99.0000000000000000 |  82.5800000000000000 |  3045.7100000000000000 |    66.8800000000000000
 AAAAAAAAAAJCAAAA |  43.0000000000000000 |  27.7200000000000000 |    40.6700000000000000 | 1.10000000000000000000
 AAAAAAAAAALDAAAA |  70.0000000000000000 |  73.5300000000000000 | 0.00000000000000000000 |    33.7850000000000000
 AAAAAAAAAANAAAAA |  67.0000000000000000 |  28.8600000000000000 | 0.00000000000000000000 |     8.9400000000000000
 AAAAAAAAAANBAAAA |  41.0000000000000000 |  59.5700000000000000 | 0.00000000000000000000 |    10.1200000000000000
 AAAAAAAAAAODAAAA |  54.0000000000000000 | 128.2200000000000000 |  5450.4200000000000000 |   123.0900000000000000
 AAAAAAAAAAPBAAAA |  41.0000000000000000 |  36.9200000000000000 | 0.00000000000000000000 |    14.0200000000000000
 AAAAAAAAABAAAAAA |  88.0000000000000000 | 126.1100000000000000 | 0.00000000000000000000 |    47.9200000000000000
 AAAAAAAAABADAAAA |  53.0000000000000000 |  34.7100000000000000 | 0.00000000000000000000 |     7.9800000000000000
 AAAAAAAAABBCAAAA |  86.0000000000000000 | 105.9800000000000000 | 0.00000000000000000000 |    69.9400000000000000
 AAAAAAAAABBDAAAA |  49.5000000000000000 |  43.9750000000000000 | 0.00000000000000000000 |    13.5700000000000000
 AAAAAAAAABCCAAAA |  89.0000000000000000 | 118.9400000000000000 | 0.00000000000000000000 |   105.8500000000000000
 AAAAAAAAABDBAAAA |  91.0000000000000000 |  36.5400000000000000 | 0.00000000000000000000 |    15.7100000000000000
 AAAAAAAAABECAAAA |  73.0000000000000000 | 116.5400000000000000 | 0.00000000000000000000 |    71.0800000000000000
 AAAAAAAAABEDAAAA |  64.0000000000000000 | 173.3500000000000000 |    72.0500000000000000 |     8.6600000000000000
 AAAAAAAAABFBAAAA |  56.0000000000000000 |  61.3300000000000000 |   931.2650000000000000 |    48.9350000000000000
 AAAAAAAAABHCAAAA |  86.0000000000000000 |  48.7500000000000000 | 0.00000000000000000000 |    47.7700000000000000
 AAAAAAAAABICAAAA |  88.0000000000000000 |  23.3100000000000000 |   103.7600000000000000 |    10.7200000000000000
 AAAAAAAAABJBAAAA |  92.0000000000000000 |  78.9050000000000000 |    51.0500000000000000 |    12.8000000000000000
 AAAAAAAAABMBAAAA |  13.0000000000000000 |  10.7500000000000000 | 0.00000000000000000000 |     3.2200000000000000
 AAAAAAAAABNDAAAA |   8.0000000000000000 |  17.9500000000000000 | 0.00000000000000000000 | 0.35000000000000000000
 AAAAAAAAABOBAAAA |  92.0000000000000000 | 137.8700000000000000 | 0.00000000000000000000 |   126.8400000000000000
 AAAAAAAAABOCAAAA |  13.0000000000000000 |  28.5200000000000000 | 0.00000000000000000000 |    16.8200000000000000
 AAAAAAAAABPAAAAA |  62.0000000000000000 |  92.0200000000000000 | 0.00000000000000000000 |    42.3200000000000000
 AAAAAAAAABPBAAAA |  47.5000000000000000 |  45.3000000000000000 |    45.6600000000000000 |    35.7400000000000000
 AAAAAAAAACBCAAAA |  40.0000000000000000 |  55.6900000000000000 | 0.00000000000000000000 |    43.4300000000000000
 AAAAAAAAACDDAAAA |  88.0000000000000000 |  39.4300000000000000 |    34.2550000000000000 |    28.3550000000000000
 AAAAAAAAACFEAAAA |  36.0000000000000000 | 118.6800000000000000 | 0.00000000000000000000 |    34.4100000000000000
 AAAAAAAAACJCAAAA |  18.0000000000000000 |  97.7500000000000000 | 0.00000000000000000000 |    76.2400000000000000
 AAAAAAAAACLDAAAA |  18.0000000000000000 | 164.4300000000000000 |   126.9600000000000000 |    54.2600000000000000
 AAAAAAAAACMAAAAA | 100.0000000000000000 | 144.4400000000000000 | 0.00000000000000000000 |   127.1000000000000000
 AAAAAAAAACODAAAA |  46.0000000000000000 |  32.6000000000000000 | 0.00000000000000000000 |    26.0800000000000000
 AAAAAAAAACPAAAAA |  42.0000000000000000 |  67.5300000000000000 | 0.00000000000000000000 |    29.0300000000000000
 AAAAAAAAACPCAAAA |  20.0000000000000000 |  51.0400000000000000 | 0.00000000000000000000 |    47.9700000000000000
 AAAAAAAAADABAAAA |  62.0000000000000000 | 166.9300000000000000 |    41.3600000000000000 |     8.3400000000000000
 AAAAAAAAADAEAAAA |  25.5000000000000000 | 108.8100000000000000 |   173.0150000000000000 |    81.1900000000000000
 AAAAAAAAADBAAAAA |  43.0000000000000000 | 130.9600000000000000 | 0.00000000000000000000 |     3.9200000000000000
 AAAAAAAAADCDAAAA |  99.0000000000000000 |   7.1500000000000000 | 0.00000000000000000000 |     4.9300000000000000
 AAAAAAAAADDCAAAA |  40.0000000000000000 | 138.6600000000000000 |  1454.7200000000000000 |    59.6200000000000000
 AAAAAAAAADFCAAAA |  41.0000000000000000 |  53.5200000000000000 | 0.00000000000000000000 |    14.4500000000000000
 AAAAAAAAADGCAAAA |  22.0000000000000000 |  11.4400000000000000 | 0.00000000000000000000 |    10.8600000000000000
 AAAAAAAAADICAAAA |  72.0000000000000000 |  73.9850000000000000 |  1002.5600000000000000 |    57.1800000000000000
 AAAAAAAAADIDAAAA |   2.0000000000000000 | 161.4000000000000000 |   160.7500000000000000 |   133.9600000000000000
 AAAAAAAAADJBAAAA |  94.0000000000000000 |  80.1750000000000000 | 0.00000000000000000000 |    27.6400000000000000
 AAAAAAAAADKAAAAA |  24.5000000000000000 |  93.4400000000000000 |   113.4150000000000000 |    28.1200000000000000
 AAAAAAAAADLCAAAA |  77.0000000000000000 |  52.9050000000000000 | 0.00000000000000000000 |    26.7850000000000000
 AAAAAAAAADNAAAAA |  66.0000000000000000 | 135.3600000000000000 | 0.00000000000000000000 |    87.9800000000000000
 AAAAAAAAADOCAAAA |  41.0000000000000000 | 128.0300000000000000 | 0.00000000000000000000 |    62.7300000000000000
 AAAAAAAAADPBAAAA |  14.0000000000000000 |  85.3300000000000000 | 0.00000000000000000000 |    29.8600000000000000
 AAAAAAAAAEAAAAAA |  98.0000000000000000 |  74.9700000000000000 | 0.00000000000000000000 |    53.9700000000000000
 AAAAAAAAAEADAAAA |  23.0000000000000000 |  46.9800000000000000 | 0.00000000000000000000 |    29.1200000000000000
 AAAAAAAAAEBCAAAA |  78.0000000000000000 |  54.9100000000000000 | 0.00000000000000000000 |    46.1200000000000000
 AAAAAAAAAEBDAAAA |  50.0000000000000000 |  63.8700000000000000 | 0.00000000000000000000 |     4.4700000000000000
 AAAAAAAAAECCAAAA |  68.0000000000000000 |  38.4500000000000000 | 0.00000000000000000000 |     8.4500000000000000
 AAAAAAAAAEDAAAAA |  11.0000000000000000 |  44.6000000000000000 | 0.00000000000000000000 |    41.9200000000000000
 AAAAAAAAAEECAAAA |  24.0000000000000000 | 100.1600000000000000 | 0.00000000000000000000 |    15.0200000000000000
 AAAAAAAAAEFCAAAA |  35.0000000000000000 | 142.8300000000000000 | 0.00000000000000000000 |   124.2600000000000000
 AAAAAAAAAEGAAAAA |  32.0000000000000000 |  36.3900000000000000 |   935.1450000000000000 |    26.4100000000000000
 AAAAAAAAAEGDAAAA |  83.0000000000000000 |   3.4400000000000000 | 0.00000000000000000000 |     2.4700000000000000
 AAAAAAAAAEJAAAAA |  48.0000000000000000 | 166.9200000000000000 | 0.00000000000000000000 | 0.00000000000000000000
 AAAAAAAAAEMDAAAA |  53.3333333333333333 |  43.5066666666666667 | 0.00000000000000000000 |    23.2200000000000000
 AAAAAAAAAENCAAAA |  71.0000000000000000 |  62.3350000000000000 |  1204.6800000000000000 |    52.6800000000000000
 AAAAAAAAAFAAAAAA |  26.0000000000000000 | 173.7200000000000000 | 0.00000000000000000000 |   152.8700000000000000
 AAAAAAAAAFBCAAAA |  75.0000000000000000 | 135.1000000000000000 |  3364.9700000000000000 |   109.4300000000000000
 AAAAAAAAAFBEAAAA |  62.0000000000000000 | 116.5000000000000000 |   599.4700000000000000 |    96.6900000000000000
 AAAAAAAAAFDCAAAA |  54.0000000000000000 |  87.3000000000000000 |  2934.3600000000000000 |    65.4700000000000000
 AAAAAAAAAFDDAAAA |  48.0000000000000000 | 129.9200000000000000 | 0.00000000000000000000 |    29.8800000000000000
 AAAAAAAAAFFAAAAA |   4.0000000000000000 | 111.9500000000000000 |   126.9300000000000000 |    70.5200000000000000
 AAAAAAAAAFGAAAAA |  97.0000000000000000 |  67.6900000000000000 | 0.00000000000000000000 |    22.3300000000000000
 AAAAAAAAAFGCAAAA |  48.5000000000000000 | 120.7050000000000000 |   355.6400000000000000 |    89.0200000000000000
 AAAAAAAAAFHBAAAA |  35.0000000000000000 |  63.0600000000000000 | 0.00000000000000000000 |     6.9300000000000000
 AAAAAAAAAFHCAAAA |  39.0000000000000000 | 159.1500000000000000 | 0.00000000000000000000 |   112.9900000000000000
 AAAAAAAAAFIBAAAA |  11.0000000000000000 |  42.0600000000000000 | 0.00000000000000000000 |    10.5100000000000000
 AAAAAAAAAFJCAAAA |  46.0000000000000000 |  60.5950000000000000 | 0.00000000000000000000 |    11.4100000000000000
 AAAAAAAAAFNCAAAA |  71.0000000000000000 | 142.1000000000000000 | 0.00000000000000000000 |    32.6800000000000000
 AAAAAAAAAFODAAAA |  50.0000000000000000 | 151.4100000000000000 |  2241.5400000000000000 |    71.1600000000000000
 AAAAAAAAAFPAAAAA |  90.0000000000000000 |  99.0000000000000000 | 0.00000000000000000000 |    96.0300000000000000
 AAAAAAAAAGBAAAAA |  33.0000000000000000 |   6.9400000000000000 | 0.00000000000000000000 |     4.7100000000000000
 AAAAAAAAAGBBAAAA |  86.0000000000000000 | 139.0600000000000000 |  2518.4400000000000000 |   108.4600000000000000
 AAAAAAAAAGDBAAAA |  33.0000000000000000 | 135.2400000000000000 | 0.00000000000000000000 |    60.8500000000000000
 AAAAAAAAAGEDAAAA |  41.0000000000000000 |  39.3200000000000000 | 0.00000000000000000000 |    14.5400000000000000
 AAAAAAAAAGFCAAAA |  58.0000000000000000 |  28.0600000000000000 |    67.4450000000000000 |     7.8150000000000000
 AAAAAAAAAGIDAAAA |  17.0000000000000000 |  32.0200000000000000 | 0.00000000000000000000 |     8.6400000000000000
 AAAAAAAAAGJBAAAA |  80.0000000000000000 |   3.0000000000000000 | 0.00000000000000000000 |     2.5500000000000000
 AAAAAAAAAGLAAAAA |  66.5000000000000000 |  91.7400000000000000 | 0.00000000000000000000 |    30.7100000000000000
 AAAAAAAAAGMBAAAA |  47.0000000000000000 |  48.1500000000000000 | 0.00000000000000000000 |    44.7700000000000000
 AAAAAAAAAGNAAAAA |  67.0000000000000000 |  80.8900000000000000 | 0.00000000000000000000 |     8.8900000000000000
 AAAAAAAAAGNDAAAA |  98.0000000000000000 | 113.6600000000000000 |   383.1400000000000000 |    97.7400000000000000
 AAAAAAAAAHABAAAA |  34.0000000000000000 |  61.0500000000000000 | 0.00000000000000000000 |     4.2700000000000000
 AAAAAAAAAHADAAAA |  71.0000000000000000 |  73.3700000000000000 | 0.00000000000000000000 |    13.2000000000000000
 AAAAAAAAAHBDAAAA |  43.5000000000000000 | 105.8600000000000000 |   668.8800000000000000 |    25.4450000000000000
(100 rows)

