 w_warehouse_sk | i_item_sk | d_moy |         mean         |          cov           | w_warehouse_sk | i_item_sk | d_moy |         mean         |          cov           
----------------+-----------+-------+----------------------+------------------------+----------------+-----------+-------+----------------------+------------------------
              1 |       116 |     1 | 225.0000000000000000 |     1.4066976767982042 |              1 |       116 |     2 | 350.5000000000000000 |     1.1136089992170898
              1 |       206 |     1 | 360.7500000000000000 |     1.0747684870042693 |              1 |       206 |     2 | 297.2500000000000000 |     1.0462857540788398
              1 |      1220 |     1 | 277.5000000000000000 |     1.2409405493255807 |              1 |      1220 |     2 | 304.5000000000000000 |     1.0760019370250754
              1 |      1316 |     1 | 332.5000000000000000 |     1.0300960428161632 |              1 |      1316 |     2 | 274.5000000000000000 |     1.6282550120851766
              1 |      1753 |     1 | 277.6666666666666667 |     1.4884903924520823 |              1 |      1753 |     2 | 282.7500000000000000 |     1.0803517151652409
              1 |      1867 |     1 | 414.3333333333333333 |     1.1652791001723950 |              1 |      1867 |     2 | 210.0000000000000000 |     1.1706475651724960
              1 |      2087 |     1 | 297.7500000000000000 |     1.0644674543580789 |              1 |      2087 |     2 | 372.5000000000000000 |     1.0907447852720641
              1 |      2239 |     1 | 397.0000000000000000 |     1.3114139735524458 |              1 |      2239 |     2 | 481.0000000000000000 |     1.0303142210936074
              1 |      3887 |     1 | 346.7500000000000000 |     1.1753327270360148 |              1 |      3887 |     2 | 494.0000000000000000 |     1.0779132055052534
              1 |      4370 |     1 | 318.5000000000000000 |     1.1586663380554205 |              1 |      4370 |     2 | 320.7500000000000000 |     1.0175447093410304
              1 |      4394 |     1 | 289.0000000000000000 |     1.0367735175612054 |              1 |      4394 |     2 | 390.6666666666666667 |     1.1045936150817533
              1 |      4423 |     1 | 401.5000000000000000 |     1.0790155167633572 |              1 |      4423 |     2 | 294.2500000000000000 |     1.2650115745556601
              1 |      4469 |     1 | 166.6666666666666667 |     1.1554687360547667 |              1 |      4469 |     2 | 434.6666666666666667 |     1.0009766369258307
              1 |      6254 |     1 |  64.5000000000000000 |     1.1072524790673070 |              1 |      6254 |     2 | 275.2500000000000000 |     1.0163846222239779
              1 |      7127 |     1 | 439.2500000000000000 |     1.0384299884913786 |              1 |      7127 |     2 | 155.2500000000000000 |     1.2509068403319875
              1 |      7619 |     1 | 449.3333333333333333 |     1.1018328504458626 |              1 |      7619 |     2 | 358.0000000000000000 |     1.2153866357779142
              1 |      8005 |     1 | 273.5000000000000000 |     1.2771926189889106 |              1 |      8005 |     2 | 358.7500000000000000 |     1.1319713279756327
              1 |      8287 |     1 | 159.2500000000000000 |     1.2594128945139841 |              1 |      8287 |     2 | 320.0000000000000000 |     1.0667241398904405
              1 |      8359 |     1 | 183.7500000000000000 |     1.2442279152903029 |              1 |      8359 |     2 | 384.5000000000000000 |     1.0141609048062797
              1 |      9043 |     1 | 327.0000000000000000 |     1.0044696192161943 |              1 |      9043 |     2 | 235.2500000000000000 |     1.0679198723145943
              1 |      9397 |     1 | 388.0000000000000000 |     1.0538464082109186 |              1 |      9397 |     2 | 243.7500000000000000 |     1.2085347742946322
              1 |      9551 |     1 | 397.0000000000000000 |     1.1937500488941093 |              1 |      9551 |     2 | 425.7500000000000000 |     1.1377671387557917
              1 |      9698 |     1 | 267.7500000000000000 |     1.4600623203525076 |              1 |      9698 |     2 | 193.5000000000000000 |     1.2298764428210503
              1 |      9875 |     1 | 413.7500000000000000 |     1.0357585891377993 |              1 |      9875 |     2 | 310.5000000000000000 |     1.4359318935979828
              1 |     10189 |     1 | 126.0000000000000000 |     1.0784114990967315 |              1 |     10189 |     2 | 149.0000000000000000 |     1.0327068759985122
              1 |     10571 |     1 | 271.0000000000000000 |     1.4213924428628066 |              1 |     10571 |     2 | 281.0000000000000000 |     1.2780211175782564
              1 |     10649 |     1 | 331.3333333333333333 |     1.1675140242229226 |              1 |     10649 |     2 | 310.0000000000000000 |     1.1970799250095663
              1 |     11420 |     1 | 243.2500000000000000 |     1.0615523563433765 |              1 |     11420 |     2 | 348.3333333333333333 |     1.1895194900856228
              1 |     12116 |     1 | 443.0000000000000000 |     1.0629026390120525 |              1 |     12116 |     2 | 400.5000000000000000 |     1.0814848890477501
              1 |     13130 |     1 | 422.0000000000000000 |     1.0258829997188297 |              1 |     13130 |     2 | 318.2500000000000000 |     1.1085642767173013
              1 |     13178 |     1 | 180.5000000000000000 |     1.4389757423045615 |              1 |     13178 |     2 | 305.5000000000000000 |     1.2291794238129199
              1 |     13549 |     1 | 272.7500000000000000 |     1.2400338538370080 |              1 |     13549 |     2 | 251.5000000000000000 |     1.1970876541702372
              1 |     14383 |     1 | 423.2500000000000000 |     1.0985193021060025 |              1 |     14383 |     2 | 161.5000000000000000 |     1.1939444273767675
              1 |     14411 |     1 | 186.2500000000000000 |     1.6853723203686011 |              1 |     14411 |     2 | 429.6666666666666667 |     1.1260057194031071
              1 |     14906 |     1 | 376.7500000000000000 |     1.0265588853852050 |              1 |     14906 |     2 | 169.7500000000000000 |     1.0305785227689939
              1 |     15085 |     1 | 362.3333333333333333 |     1.0819342211032821 |              1 |     15085 |     2 | 337.0000000000000000 |     1.0382223505278020
              1 |     16022 |     1 | 448.0000000000000000 |     1.0265333540810139 |              1 |     16022 |     2 | 319.2500000000000000 |     1.4028609347418773
              1 |     16088 |     1 | 351.0000000000000000 |     1.4344411056371445 |              1 |     16088 |     2 | 200.5000000000000000 |     1.5637931886681615
              1 |     16415 |     1 | 304.6666666666666667 |     1.0297421884694190 |              1 |     16415 |     2 | 379.0000000000000000 | 1.00107038413122230607
              1 |     16538 |     1 | 366.5000000000000000 |     1.0686520951342571 |              1 |     16538 |     2 | 312.7500000000000000 |     1.0866831104839957
              1 |     17303 |     1 | 365.2500000000000000 |     1.1758899142648473 |              1 |     17303 |     2 | 401.3333333333333333 |     1.0379763865734692
              1 |     17735 |     1 | 288.6666666666666667 |     1.1207023172053536 |              1 |     17735 |     2 | 303.7500000000000000 |     1.0941385191858612
              1 |     17915 |     1 | 212.7500000000000000 |     1.0785260769827059 |              1 |     17915 |     2 | 276.0000000000000000 |     1.1025809403842961
              1 |     17953 |     1 | 276.7500000000000000 |     1.1108173023901389 |              1 |     17953 |     2 | 410.5000000000000000 |     1.0738852598476687
              2 |       877 |     1 | 303.7500000000000000 |     1.0391212969732489 |              2 |       877 |     2 | 181.0000000000000000 |     1.1485601860157181
              2 |      1271 |     1 | 371.5000000000000000 |     1.0721088060752275 |              2 |      1271 |     2 | 355.7500000000000000 |     1.0466836006664457
              2 |      1399 |     1 | 332.2500000000000000 |     1.2971039239986282 |              2 |      1399 |     2 | 354.0000000000000000 |     1.0464490905879949
              2 |      2438 |     1 | 418.6666666666666667 |     1.0735935793198172 |              2 |      2438 |     2 | 408.0000000000000000 |     1.1455407948539468
              2 |      2743 |     1 | 401.5000000000000000 |     1.1002845976235113 |              2 |      2743 |     2 | 356.6666666666666667 |     1.0045537855929783
              2 |      3638 |     1 | 152.6666666666666667 |     1.6131943546920138 |              2 |      3638 |     2 | 366.3333333333333333 |     1.0911246097178881
              2 |      3647 |     1 | 463.0000000000000000 |     1.0145135520895217 |              2 |      3647 |     2 | 353.0000000000000000 |     1.0677419231397652
              2 |      5321 |     1 | 380.0000000000000000 |     1.1305115324591271 |              2 |      5321 |     2 | 430.0000000000000000 |     1.0797987713900730
              2 |      5389 |     1 | 327.7500000000000000 |     1.1800390047428061 |              2 |      5389 |     2 | 303.6666666666666667 |     1.0398919247841716
              2 |      5438 |     1 | 327.5000000000000000 |     1.1850619935673364 |              2 |      5438 |     2 | 220.5000000000000000 |     1.1304592134898160
              2 |      5615 |     1 | 313.2500000000000000 |     1.2528491198823868 |              2 |      5615 |     2 | 358.6666666666666667 |     1.2743567487959267
              2 |      5984 |     1 | 434.2500000000000000 |     1.1171243328454365 |              2 |      5984 |     2 | 209.0000000000000000 |     1.4875946148041807
              2 |      6272 |     1 | 320.5000000000000000 |     1.0216951780314750 |              2 |      6272 |     2 | 260.0000000000000000 |     1.6873148959768607
              2 |      6512 |     1 | 391.7500000000000000 |     1.0108323716600297 |              2 |      6512 |     2 | 347.5000000000000000 |     1.0462308389200581
              2 |      6956 |     1 | 154.3333333333333333 |     1.1026229944202018 |              2 |      6956 |     2 | 272.2500000000000000 |     1.2250064128784028
              2 |      7115 |     1 | 326.0000000000000000 |     1.3356515346049964 |              2 |      7115 |     2 | 362.3333333333333333 |     1.0624583282077267
              2 |      7223 |     1 | 300.0000000000000000 |     1.0223556676182272 |              2 |      7223 |     2 | 365.5000000000000000 |     1.1472348050441113
              2 |      7273 |     1 | 270.6666666666666667 |     1.2432325481672142 |              2 |      7273 |     2 | 373.7500000000000000 |     1.0031348721965905
              2 |      7460 |     1 | 378.0000000000000000 |     1.0079075759525345 |              2 |      7460 |     2 | 395.5000000000000000 |     1.0726856545646294
              2 |      7466 |     1 | 193.7500000000000000 |     1.0096480809231640 |              2 |      7466 |     2 | 250.7500000000000000 |     1.1470642035811504
              2 |      7997 |     1 | 412.7500000000000000 |     1.0285113508882203 |              2 |      7997 |     2 | 367.6666666666666667 |     1.1615861175346149
              2 |      8641 |     1 | 282.5000000000000000 |     1.0028908537219177 |              2 |      8641 |     2 | 336.3333333333333333 |     1.2845822701415331
              2 |      9020 |     1 | 317.0000000000000000 |     1.1242328634637853 |              2 |      9020 |     2 | 300.5000000000000000 |     1.0567160496430665
              2 |     10082 |     1 | 329.7500000000000000 |     1.2146927711864327 |              2 |     10082 |     2 | 345.6666666666666667 |     1.0754746697686774
              2 |     10471 |     1 | 178.0000000000000000 |     1.0737834900303153 |              2 |     10471 |     2 | 340.0000000000000000 |     1.2431751401414621
              2 |     10487 |     1 | 396.0000000000000000 |     1.0543466084441491 |              2 |     10487 |     2 | 263.7500000000000000 |     1.6997298482459018
              2 |     10676 |     1 | 465.6666666666666667 |     1.0033053950431894 |              2 |     10676 |     2 | 370.7500000000000000 |     1.0895370204489608
              2 |     10721 |     1 | 188.5000000000000000 |     1.1562025594513483 |              2 |     10721 |     2 | 369.0000000000000000 |     1.0351735962534637
              2 |     10826 |     1 | 276.5000000000000000 |     1.0510690789335274 |              2 |     10826 |     2 | 300.0000000000000000 |     1.0161692772368194
              2 |     11189 |     1 | 332.7500000000000000 |     1.0281482497908050 |              2 |     11189 |     2 | 230.2500000000000000 |     1.0741052063386795
              2 |     11215 |     1 | 489.7500000000000000 |     1.0726026184458195 |              2 |     11215 |     2 | 239.6666666666666667 |     1.0969237152981344
              2 |     11396 |     1 | 269.5000000000000000 |     1.0126970120022007 |              2 |     11396 |     2 | 241.2500000000000000 |     1.1643137675294375
              2 |     11863 |     1 | 220.3333333333333333 |     1.1568418742941815 |              2 |     11863 |     2 | 224.2500000000000000 |     1.1980328228103198
              2 |     12017 |     1 | 377.0000000000000000 |     1.2864147215709451 |              2 |     12017 |     2 | 382.2500000000000000 |     1.1114661018352397
              2 |     12593 |     1 | 276.2500000000000000 |     1.3699763401734400 |              2 |     12593 |     2 | 529.5000000000000000 |     1.1311037651841468
              2 |     12775 |     1 | 397.5000000000000000 |     1.1041637158673991 |              2 |     12775 |     2 | 216.0000000000000000 |     1.1933972344969566
              2 |     13325 |     1 | 368.2500000000000000 |     1.0310530518525810 |              2 |     13325 |     2 | 332.7500000000000000 |     1.2120459748192160
              2 |     13928 |     1 | 352.7500000000000000 |     1.2294866454590762 |              2 |     13928 |     2 | 416.0000000000000000 |     1.0302240727932550
              2 |     15137 |     1 | 352.5000000000000000 |     1.1862758842914915 |              2 |     15137 |     2 | 542.5000000000000000 |     1.1509221894704543
              2 |     15218 |     1 | 288.6666666666666667 |     1.1635821544586228 |              2 |     15218 |     2 | 219.5000000000000000 |     1.1151623272502940
              2 |     15829 |     1 | 265.3333333333333333 |     1.1681552777177254 |              2 |     15829 |     2 | 414.2500000000000000 |     1.0357863330903369
              2 |     16166 |     1 | 200.6666666666666667 |     1.2195496974964757 |              2 |     16166 |     2 | 297.2500000000000000 |     1.1397423211338505
              2 |     16346 |     1 | 325.5000000000000000 |     1.1430512033181810 |              2 |     16346 |     2 | 177.5000000000000000 |     1.2384844827683782
              2 |     16853 |     1 | 344.0000000000000000 |     1.0376916223091696 |              2 |     16853 |     2 | 201.5000000000000000 |     1.1826053859050447
              2 |     17119 |     1 | 329.7500000000000000 |     1.0696567615340199 |              2 |     17119 |     2 | 383.2500000000000000 |     1.0888921705659983
              2 |     17129 |     1 | 117.2500000000000000 |     1.1511937505786017 |              2 |     17129 |     2 | 347.5000000000000000 |     1.2208823158024752
              2 |     17267 |     1 | 172.7500000000000000 |     1.7575796617243189 |              2 |     17267 |     2 | 465.0000000000000000 |     1.0430055795607587
              2 |     17287 |     1 | 370.0000000000000000 |     1.0906535659303335 |              2 |     17287 |     2 | 396.7500000000000000 |     1.1153612734819310
              2 |     17423 |     1 | 357.0000000000000000 |     1.0485074399906992 |              2 |     17423 |     2 | 375.5000000000000000 |     1.0523149865462690
              2 |     17597 |     1 | 369.5000000000000000 |     1.0233202299878187 |              2 |     17597 |     2 | 305.7500000000000000 |     1.1468465350808247
              2 |     17738 |     1 | 277.5000000000000000 |     1.4302796068628896 |              2 |     17738 |     2 | 332.0000000000000000 |     1.0182014960427850
              3 |       133 |     1 | 255.7500000000000000 |     1.0043999765325892 |              3 |       133 |     2 | 257.7500000000000000 |     1.0370632114688452
              3 |       215 |     1 | 292.2500000000000000 |     1.0507486287126019 |              3 |       215 |     2 | 378.2500000000000000 |     1.0619237241017475
              3 |       443 |     1 | 248.0000000000000000 |     1.2513303707828583 |              3 |       443 |     2 | 304.0000000000000000 |     1.1074572259852243
              3 |       533 |     1 | 355.5000000000000000 |     1.1065631193551593 |              3 |       533 |     2 | 373.5000000000000000 |     1.0354825175617933
              3 |       665 |     1 | 195.5000000000000000 |     1.1410319045537373 |              3 |       665 |     2 | 286.0000000000000000 |     1.1911091187321784
              3 |       836 |     1 | 178.7500000000000000 |     1.0633430705390996 |              3 |       836 |     2 | 363.2500000000000000 |     1.0086665419302784
              3 |      1015 |     1 | 524.7500000000000000 |     1.0237168510297746 |              3 |      1015 |     2 | 226.2500000000000000 |     1.0611379054801748
              3 |      1795 |     1 | 276.0000000000000000 |     1.0301500520480740 |              3 |      1795 |     2 | 345.3333333333333333 |     1.4739533947986992
              3 |      2633 |     1 | 281.0000000000000000 |     1.3979953455814802 |              3 |      2633 |     2 | 246.7500000000000000 |     1.5486078311763331
              3 |      2647 |     1 | 314.7500000000000000 |     1.2374356907491129 |              3 |      2647 |     2 | 299.3333333333333333 |     1.3140958234071311
              3 |      3074 |     1 | 368.2500000000000000 |     1.0717487789944238 |              3 |      3074 |     2 | 433.5000000000000000 |     1.0875968235147146
              3 |      3722 |     1 | 290.0000000000000000 |     1.1016976054941959 |              3 |      3722 |     2 | 367.0000000000000000 |     1.0539782858139488
              3 |      3811 |     1 | 402.0000000000000000 |     1.0327648023078879 |              3 |      3811 |     2 | 424.6666666666666667 |     1.1865055605397399
              3 |      4517 |     1 | 381.2500000000000000 |     1.1280668272047504 |              3 |      4517 |     2 | 312.7500000000000000 |     1.3929142288217422
              3 |      4661 |     1 | 294.5000000000000000 |     1.0265401011154635 |              3 |      4661 |     2 | 382.0000000000000000 |     1.2013872114280035
              3 |      5209 |     1 | 284.0000000000000000 |     1.0680918845095713 |              3 |      5209 |     2 | 335.5000000000000000 |     1.0332659825000789
              3 |      5287 |     1 | 421.0000000000000000 |     1.0627642197584399 |              3 |      5287 |     2 | 343.0000000000000000 |     1.2797892959257294
              3 |      5617 |     1 | 263.0000000000000000 |     1.5303934532624813 |              3 |      5617 |     2 | 349.0000000000000000 |     1.4258030522792418
              3 |      5738 |     1 | 407.6666666666666667 |     1.0588267968802440 |              3 |      5738 |     2 | 234.2500000000000000 |     1.0080817144855603
              3 |      5923 |     1 | 312.7500000000000000 |     1.3531424009290759 |              3 |      5923 |     2 | 261.7500000000000000 |     1.2285643344352771
              3 |      7808 |     1 | 301.5000000000000000 |     1.0323655036700685 |              3 |      7808 |     2 | 354.0000000000000000 |     1.1754976914857145
              3 |      8006 |     1 | 264.2500000000000000 |     1.3961856901541951 |              3 |      8006 |     2 | 307.7500000000000000 |     1.4121892900889748
              3 |      8197 |     1 | 538.5000000000000000 |     1.1804809587496866 |              3 |      8197 |     2 | 200.6666666666666667 |     1.0436878530528145
              3 |      9056 |     1 | 348.6666666666666667 |     1.0060518846560295 |              3 |      9056 |     2 | 347.2500000000000000 |     1.3049591106913775
              3 |      9068 |     1 | 235.0000000000000000 |     1.0158068656741234 |              3 |      9068 |     2 | 314.0000000000000000 |     1.2964639194633856
              3 |     10481 |     1 | 239.0000000000000000 |     1.1805393174109374 |              3 |     10481 |     2 | 340.5000000000000000 |     1.3054841152541436
              3 |     11063 |     1 | 371.0000000000000000 |     1.1202436508900676 |              3 |     11063 |     2 | 224.5000000000000000 |     1.4957243341516491
              3 |     11246 |     1 | 269.2500000000000000 |     1.0352255946048331 |              3 |     11246 |     2 | 455.0000000000000000 |     1.1348621448934174
              3 |     12313 |     1 | 426.7500000000000000 |     1.0211833426395484 |              3 |     12313 |     2 | 335.7500000000000000 |     1.1296458422613660
              3 |     12920 |     1 | 437.7500000000000000 |     1.0175674200811964 |              3 |     12920 |     2 | 350.3333333333333333 | 1.00100935750992810095
              3 |     13070 |     1 | 334.3333333333333333 |     1.1663330401058272 |              3 |     13070 |     2 | 446.0000000000000000 |     1.0799706218545267
              3 |     13297 |     1 | 333.5000000000000000 |     1.2682925655489215 |              3 |     13297 |     2 | 319.3333333333333333 |     1.0924321989369774
              3 |     13334 |     1 | 262.7500000000000000 |     1.0111063092840724 |              3 |     13334 |     2 | 306.5000000000000000 |     1.3869327613944729
              3 |     13871 |     1 | 333.0000000000000000 |     1.1221109601464352 |              3 |     13871 |     2 | 415.2500000000000000 |     1.0181317223135689
              3 |     14215 |     1 | 440.3333333333333333 |     1.0620698697361192 |              3 |     14215 |     2 | 206.0000000000000000 |     1.1274892340298588
              3 |     14665 |     1 | 271.5000000000000000 |     1.0060239318966318 |              3 |     14665 |     2 | 279.5000000000000000 |     1.1224182511681424
              3 |     14681 |     1 | 268.3333333333333333 |     1.2748247098996166 |              3 |     14681 |     2 | 223.5000000000000000 |     1.1402433868874283
              3 |     14975 |     1 | 365.2500000000000000 |     1.0439325483946041 |              3 |     14975 |     2 | 351.2500000000000000 |     1.0271712918030629
              3 |     15089 |     1 | 278.0000000000000000 |     1.0407853439200446 |              3 |     15089 |     2 | 336.5000000000000000 |     1.1987060901607997
              3 |     15385 |     1 | 180.2500000000000000 |     1.3160016408911720 |              3 |     15385 |     2 | 475.0000000000000000 |     1.0121011121061475
              3 |     15731 |     1 | 316.5000000000000000 |     1.0081662820626040 |              3 |     15731 |     2 | 339.0000000000000000 |     1.2533969239713817
              3 |     15902 |     1 | 220.0000000000000000 |     1.0633449484240018 |              3 |     15902 |     2 | 279.3333333333333333 |     1.2502510271349328
              3 |     16235 |     1 | 392.0000000000000000 |     1.0078661619149611 |              3 |     16235 |     2 | 414.6666666666666667 |     1.1310529344289553
              3 |     16343 |     1 | 352.2500000000000000 |     1.1248856865096142 |              3 |     16343 |     2 | 359.0000000000000000 |     1.0917727713380058
              3 |     17461 |     1 | 345.2500000000000000 |     1.0174736230007928 |              3 |     17461 |     2 | 194.7500000000000000 |     1.0598943743526651
              4 |      1724 |     1 | 351.7500000000000000 |     1.1280954456642819 |              4 |      1724 |     2 | 489.5000000000000000 |     1.0879011656116876
              4 |      1873 |     1 | 187.7500000000000000 |     1.1688651780803102 |              4 |      1873 |     2 | 294.7500000000000000 |     1.2322338644047955
              4 |      2323 |     1 | 318.7500000000000000 |     1.0210447391515067 |              4 |      2323 |     2 | 355.5000000000000000 |     1.0157386600896172
              4 |      3385 |     1 | 385.2500000000000000 |     1.0991370237713402 |              4 |      3385 |     2 | 204.0000000000000000 |     1.1562602286090168
              4 |      4658 |     1 | 155.0000000000000000 |     1.5277931552006782 |              4 |      4658 |     2 | 468.7500000000000000 |     1.0543579601578148
              4 |      5606 |     1 | 335.0000000000000000 |     1.0634605041351325 |              4 |      5606 |     2 | 261.5000000000000000 |     1.0844452753833483
              4 |      5630 |     1 | 295.7500000000000000 |     1.0240335248725149 |              4 |      5630 |     2 | 280.0000000000000000 |     1.1690015508331630
              4 |      6217 |     1 | 300.5000000000000000 |     1.0314690467675998 |              4 |      6217 |     2 | 318.7500000000000000 |     1.1226884121577476
              4 |      7010 |     1 | 292.6666666666666667 |     1.2273571741809828 |              4 |      7010 |     2 | 289.5000000000000000 |     1.3153941280927779
              4 |      7160 |     1 | 307.5000000000000000 |     1.1428685211372817 |              4 |      7160 |     2 | 237.6666666666666667 |     1.0719848423167642
              4 |      8063 |     1 | 325.7500000000000000 |     1.1300298023502895 |              4 |      8063 |     2 | 362.2500000000000000 |     1.0249972196092640
              4 |      8096 |     1 | 273.0000000000000000 |     1.1235155376700691 |              4 |      8096 |     2 | 357.3333333333333333 |     1.2588224522792000
              4 |      8324 |     1 | 155.0000000000000000 |     1.3574782275961197 |              4 |      8324 |     2 | 214.7500000000000000 |     1.4441165742773114
              4 |      8341 |     1 | 310.7500000000000000 |     1.3499700028155366 |              4 |      8341 |     2 | 291.5000000000000000 |     1.1450458533039978
              4 |      8599 |     1 | 141.7500000000000000 |     1.0789480968057170 |              4 |      8599 |     2 | 340.2500000000000000 |     1.0163537898325002
              4 |      9053 |     1 | 290.3333333333333333 |     1.0454697991120285 |              4 |      9053 |     2 | 374.6666666666666667 |     1.0146468539566840
              4 |      9637 |     1 | 392.0000000000000000 |     1.0831237315788093 |              4 |      9637 |     2 | 311.5000000000000000 |     1.3475640602555106
              4 |     10159 |     1 | 160.3333333333333333 |     1.0628988354155530 |              4 |     10159 |     2 | 391.0000000000000000 |     1.0462765248069329
              4 |     10286 |     1 | 285.2500000000000000 |     1.0034517320701134 |              4 |     10286 |     2 | 371.6666666666666667 |     1.1668147647713683
              4 |     10505 |     1 | 196.7500000000000000 |     1.0825831737196627 |              4 |     10505 |     2 | 306.6666666666666667 |     1.5352578861343192
              4 |     11018 |     1 | 363.3333333333333333 |     1.2411358970542482 |              4 |     11018 |     2 | 322.7500000000000000 |     1.2705405610406429
              4 |     11027 |     1 | 438.3333333333333333 |     1.0582363162215176 |              4 |     11027 |     2 | 315.7500000000000000 |     1.3504427375980327
              4 |     11395 |     1 | 317.0000000000000000 |     1.1707819871253567 |              4 |     11395 |     2 | 414.2500000000000000 |     1.0906235089997866
              4 |     11504 |     1 | 319.3333333333333333 |     1.2996025855523970 |              4 |     11504 |     2 | 402.0000000000000000 |     1.0519417855848296
              4 |     12247 |     1 | 270.7500000000000000 |     1.0581975280433904 |              4 |     12247 |     2 | 174.5000000000000000 |     1.0482407703252848
              4 |     14867 |     1 | 276.7500000000000000 |     1.2924296589395548 |              4 |     14867 |     2 | 262.7500000000000000 |     1.1713696733336532
              4 |     14879 |     1 | 352.5000000000000000 |     1.2503796180933449 |              4 |     14879 |     2 | 358.6666666666666667 |     1.0666833454246438
              4 |     15149 |     1 | 328.5000000000000000 |     1.1835573114610458 |              4 |     15149 |     2 | 310.0000000000000000 |     1.2171853032447293
              4 |     15221 |     1 | 372.0000000000000000 |     1.2607526881720430 |              4 |     15221 |     2 | 520.5000000000000000 |     1.0800190029650438
              4 |     16709 |     1 | 310.7500000000000000 |     1.4192879906884411 |              4 |     16709 |     2 | 248.0000000000000000 |     1.1552331390758952
              4 |     16745 |     1 | 354.0000000000000000 |     1.1615975839257025 |              4 |     16745 |     2 | 312.7500000000000000 |     1.4467318184095275
              4 |     17597 |     1 | 383.7500000000000000 |     1.0186678304170600 |              4 |     17597 |     2 | 203.3333333333333333 |     1.2704272855114945
              4 |     17753 |     1 | 263.2500000000000000 |     1.1871777108087135 |              4 |     17753 |     2 | 279.0000000000000000 |     1.5969260434094534
              5 |        62 |     1 | 330.2500000000000000 |     1.0410756585436397 |              5 |        62 |     2 | 409.7500000000000000 |     1.0080614141682900
              5 |       391 |     1 | 290.7500000000000000 |     1.0350970040186354 |              5 |       391 |     2 | 318.0000000000000000 |     1.0602413176732651
              5 |       445 |     1 | 383.7500000000000000 |     1.0670076414273895 |              5 |       445 |     2 | 233.7500000000000000 |     1.1420743994439386
              5 |      1129 |     1 | 399.7500000000000000 |     1.1748764935553643 |              5 |      1129 |     2 | 199.2500000000000000 |     1.6224348299760518
              5 |      1409 |     1 | 349.7500000000000000 |     1.1416120916576293 |              5 |      1409 |     2 | 163.2500000000000000 |     1.3939360816584740
              5 |      1922 |     1 | 334.5000000000000000 |     1.3094682300537314 |              5 |      1922 |     2 | 302.0000000000000000 |     1.5991663489799967
              5 |      1970 |     1 | 238.7500000000000000 |     1.2395706375359862 |              5 |      1970 |     2 | 247.7500000000000000 |     1.0218598946304014
              5 |      2231 |     1 | 265.6666666666666667 |     1.1875311927011517 |              5 |      2231 |     2 | 359.6666666666666667 |     1.0314856770117812
              5 |      2390 |     1 | 331.2500000000000000 |     1.0257500620264378 |              5 |      2390 |     2 | 352.7500000000000000 |     1.0915690167312218
              5 |      2399 |     1 | 260.0000000000000000 |     1.4810372717776137 |              5 |      2399 |     2 | 263.2500000000000000 |     1.0591974617998204
              5 |      2501 |     1 | 202.3333333333333333 |     1.5223715684199003 |              5 |      2501 |     2 | 221.0000000000000000 |     1.1126315611842949
              5 |      2797 |     1 | 195.0000000000000000 |     1.0641241888442186 |              5 |      2797 |     2 | 381.2500000000000000 |     1.0077420628392187
              5 |      3167 |     1 | 405.5000000000000000 |     1.1593085939070951 |              5 |      3167 |     2 | 359.2500000000000000 |     1.1256976206043438
              5 |      3613 |     1 | 366.0000000000000000 |     1.1449511064326343 |              5 |      3613 |     2 | 208.0000000000000000 |     1.4338534272677853
              5 |      3899 |     1 | 414.7500000000000000 |     1.0111786793802066 |              5 |      3899 |     2 | 378.5000000000000000 |     1.1850193411790355
              5 |      4214 |     1 | 300.6666666666666667 |     1.1282807009477168 |              5 |      4214 |     2 | 374.2500000000000000 |     1.1151035652045032
              5 |      4556 |     1 | 242.0000000000000000 |     1.0169319902374266 |              5 |      4556 |     2 | 414.2500000000000000 |     1.0067521054790740
              5 |      4577 |     1 | 335.7500000000000000 |     1.1970881901191649 |              5 |      4577 |     2 | 420.7500000000000000 |     1.0977568809778011
              5 |      5689 |     1 | 218.7500000000000000 |     1.1706688360973499 |              5 |      5689 |     2 | 309.0000000000000000 |     1.0662665120116719
              5 |      6080 |     1 | 459.2500000000000000 |     1.0501174467611707 |              5 |      6080 |     2 | 262.5000000000000000 |     1.5912246124277261
              5 |      6503 |     1 | 426.0000000000000000 |     1.0789187975851077 |              5 |      6503 |     2 | 518.5000000000000000 |     1.1741927456154627
              5 |      6854 |     1 | 325.5000000000000000 |     1.1090885104567078 |              5 |      6854 |     2 | 299.2500000000000000 |     1.3213416692459355
              5 |      7327 |     1 | 281.2500000000000000 |     1.0500929686453261 |              5 |      7327 |     2 | 266.2500000000000000 |     1.1429257737732153
              5 |      7412 |     1 | 327.2500000000000000 |     1.3018392563697230 |              5 |      7412 |     2 | 431.0000000000000000 |     1.1294729346438880
              5 |      7928 |     1 | 370.5000000000000000 |     1.0240807792940016 |              5 |      7928 |     2 | 319.7500000000000000 |     1.0164956567851802
              5 |      8137 |     1 | 385.7500000000000000 |     1.0298186481407174 |              5 |      8137 |     2 | 213.6666666666666667 |     1.2830913404886363
              5 |      8279 |     1 | 252.7500000000000000 |     1.3381611045960499 |              5 |      8279 |     2 | 267.0000000000000000 |     1.0460909494208883
              5 |      8461 |     1 | 313.2500000000000000 |     1.3416138364631921 |              5 |      8461 |     2 | 419.2500000000000000 |     1.0623637086807515
              5 |      9221 |     1 | 422.7500000000000000 |     1.0556728314982436 |              5 |      9221 |     2 | 354.7500000000000000 |     1.1872864889680344
              5 |      9398 |     1 | 264.5000000000000000 |     1.0124069090753435 |              5 |      9398 |     2 | 287.0000000000000000 |     1.3797205486566781
              5 |     10049 |     1 | 307.2500000000000000 |     1.0233687222570927 |              5 |     10049 |     2 | 261.0000000000000000 |     1.4382776374883545
              5 |     10295 |     1 | 359.0000000000000000 |     1.2388520018041622 |              5 |     10295 |     2 | 391.2500000000000000 |     1.0627740662145784
              5 |     10465 |     1 | 283.0000000000000000 |     1.2874077138899184 |              5 |     10465 |     2 | 309.7500000000000000 |     1.0851312297936856
              5 |     10589 |     1 | 406.7500000000000000 |     1.0094070622841553 |              5 |     10589 |     2 | 395.6666666666666667 |     1.1861636117820847
              5 |     10633 |     1 | 255.0000000000000000 |     1.1563375344838920 |              5 |     10633 |     2 | 333.7500000000000000 |     1.0366128282060658
              5 |     10685 |     1 | 342.0000000000000000 |     1.2740890457961573 |              5 |     10685 |     2 | 328.7500000000000000 |     1.1982123833898845
              5 |     10709 |     1 | 344.0000000000000000 |     1.1579088411623951 |              5 |     10709 |     2 | 260.3333333333333333 |     1.3354022840015777
              5 |     10712 |     1 | 293.5000000000000000 |     1.3933459006259525 |              5 |     10712 |     2 | 353.3333333333333333 |     1.0076995326815466
              5 |     11239 |     1 | 448.6666666666666667 |     1.0515863809379241 |              5 |     11239 |     2 | 245.0000000000000000 | 1.00030815743411680816
              5 |     11351 |     1 | 268.5000000000000000 |     1.3298210486893416 |              5 |     11351 |     2 | 343.2500000000000000 |     1.1408607586202432
              5 |     11426 |     1 | 399.0000000000000000 |     1.1666283048268225 |              5 |     11426 |     2 | 155.7500000000000000 |     1.0206766297442887
              5 |     11905 |     1 | 363.0000000000000000 | 1.00124761853962927824 |              5 |     11905 |     2 | 395.7500000000000000 |     1.0380852674929278
              5 |     12737 |     1 | 332.2500000000000000 |     1.2937683360632964 |              5 |     12737 |     2 | 287.7500000000000000 |     1.2267884637644061
              5 |     14030 |     1 | 375.7500000000000000 |     1.0641946109711234 |              5 |     14030 |     2 | 458.0000000000000000 |     1.0558930293518562
              5 |     15727 |     1 | 282.0000000000000000 |     1.4109405783238785 |              5 |     15727 |     2 | 306.5000000000000000 |     1.3143780786987204
              5 |     16099 |     1 | 240.7500000000000000 |     1.0801468270375986 |              5 |     16099 |     2 | 170.2500000000000000 |     1.1022401129664579
              5 |     16195 |     1 | 511.5000000000000000 |     1.2013211981448872 |              5 |     16195 |     2 | 410.5000000000000000 |     1.0617030327511257
              5 |     16459 |     1 | 381.7500000000000000 |     1.0285001042705388 |              5 |     16459 |     2 | 401.5000000000000000 |     1.0492558794087775
              5 |     16729 |     1 | 274.7500000000000000 |     1.0587813770300452 |              5 |     16729 |     2 | 378.2500000000000000 | 1.00152668162634865301
              5 |     16771 |     1 | 337.7500000000000000 |     1.1063441734174477 |              5 |     16771 |     2 | 343.7500000000000000 |     1.2343173083250733
              5 |     17047 |     1 | 363.2500000000000000 |     1.0407036541770437 |              5 |     17047 |     2 | 542.5000000000000000 |     1.1092126650502340
              5 |     17096 |     1 | 305.0000000000000000 |     1.2555222460651971 |              5 |     17096 |     2 | 444.5000000000000000 |     1.0147445465668388
              5 |     17309 |     1 | 325.5000000000000000 |     1.0096720170168493 |              5 |     17309 |     2 | 351.0000000000000000 |     1.0596950256819044
              5 |     17323 |     1 | 289.7500000000000000 |     1.0651807164750280 |              5 |     17323 |     2 | 279.5000000000000000 |     1.2764922259157809
              5 |     17564 |     1 | 376.5000000000000000 |     1.0039828926497617 |              5 |     17564 |     2 | 135.7500000000000000 |     1.1664870209368083
              5 |     17677 |     1 | 237.2500000000000000 |     1.1411132061140755 |              5 |     17677 |     2 | 363.0000000000000000 |     1.2882099621829805
              5 |     17903 |     1 | 273.0000000000000000 |     1.0984980946004963 |              5 |     17903 |     2 | 349.0000000000000000 |     1.4544842739207934
(230 rows)

 w_warehouse_sk | i_item_sk | d_moy |         mean         |        cov         | w_warehouse_sk | i_item_sk | d_moy |         mean         |        cov         
----------------+-----------+-------+----------------------+--------------------+----------------+-----------+-------+----------------------+--------------------
              1 |     14411 |     1 | 186.2500000000000000 | 1.6853723203686011 |              1 |     14411 |     2 | 429.6666666666666667 | 1.1260057194031071
              2 |      3638 |     1 | 152.6666666666666667 | 1.6131943546920138 |              2 |      3638 |     2 | 366.3333333333333333 | 1.0911246097178881
              2 |     17267 |     1 | 172.7500000000000000 | 1.7575796617243189 |              2 |     17267 |     2 | 465.0000000000000000 | 1.0430055795607587
              3 |      5617 |     1 | 263.0000000000000000 | 1.5303934532624813 |              3 |      5617 |     2 | 349.0000000000000000 | 1.4258030522792418
              4 |      4658 |     1 | 155.0000000000000000 | 1.5277931552006782 |              4 |      4658 |     2 | 468.7500000000000000 | 1.0543579601578148
              5 |      2501 |     1 | 202.3333333333333333 | 1.5223715684199003 |              5 |      2501 |     2 | 221.0000000000000000 | 1.1126315611842949
(6 rows)

