 w_warehouse_sk | i_item_sk | d_moy |         mean         |        cov         | w_warehouse_sk | i_item_sk | d_moy |         mean         |          cov           
----------------+-----------+-------+----------------------+--------------------+----------------+-----------+-------+----------------------+------------------------
              1 |       116 |     1 | 225.0000000000000000 | 1.4066976767982042 |              1 |       116 |     2 | 350.5000000000000000 |     1.1136089992170898
              1 |      1220 |     1 | 277.5000000000000000 | 1.2409405493255807 |              1 |      1220 |     2 | 304.5000000000000000 |     1.0760019370250754
              1 |      1316 |     1 | 332.5000000000000000 | 1.0300960428161632 |              1 |      1316 |     2 | 274.5000000000000000 |     1.6282550120851766
              1 |     11420 |     1 | 243.2500000000000000 | 1.0615523563433765 |              1 |     11420 |     2 | 348.3333333333333333 |     1.1895194900856228
              1 |     12116 |     1 | 443.0000000000000000 | 1.0629026390120525 |              1 |     12116 |     2 | 400.5000000000000000 |     1.0814848890477501
              1 |     16088 |     1 | 351.0000000000000000 | 1.4344411056371445 |              1 |     16088 |     2 | 200.5000000000000000 |     1.5637931886681615
              2 |      5984 |     1 | 434.2500000000000000 | 1.1171243328454365 |              2 |      5984 |     2 | 209.0000000000000000 |     1.4875946148041807
              2 |      6272 |     1 | 320.5000000000000000 | 1.0216951780314750 |              2 |      6272 |     2 | 260.0000000000000000 |     1.6873148959768607
              2 |      6512 |     1 | 391.7500000000000000 | 1.0108323716600297 |              2 |      6512 |     2 | 347.5000000000000000 |     1.0462308389200581
              2 |      6956 |     1 | 154.3333333333333333 | 1.1026229944202018 |              2 |      6956 |     2 | 272.2500000000000000 |     1.2250064128784028
              2 |      7460 |     1 | 378.0000000000000000 | 1.0079075759525345 |              2 |      7460 |     2 | 395.5000000000000000 |     1.0726856545646294
              2 |      9020 |     1 | 317.0000000000000000 | 1.1242328634637853 |              2 |      9020 |     2 | 300.5000000000000000 |     1.0567160496430665
              2 |     10676 |     1 | 465.6666666666666667 | 1.0033053950431894 |              2 |     10676 |     2 | 370.7500000000000000 |     1.0895370204489608
              2 |     11396 |     1 | 269.5000000000000000 | 1.0126970120022007 |              2 |     11396 |     2 | 241.2500000000000000 |     1.1643137675294375
              2 |     13928 |     1 | 352.7500000000000000 | 1.2294866454590762 |              2 |     13928 |     2 | 416.0000000000000000 |     1.0302240727932550
              3 |       836 |     1 | 178.7500000000000000 | 1.0633430705390996 |              3 |       836 |     2 | 363.2500000000000000 |     1.0086665419302784
              3 |      7808 |     1 | 301.5000000000000000 | 1.0323655036700685 |              3 |      7808 |     2 | 354.0000000000000000 |     1.1754976914857145
              3 |      9056 |     1 | 348.6666666666666667 | 1.0060518846560295 |              3 |      9056 |     2 | 347.2500000000000000 |     1.3049591106913775
              3 |      9068 |     1 | 235.0000000000000000 | 1.0158068656741234 |              3 |      9068 |     2 | 314.0000000000000000 |     1.2964639194633856
              3 |     12920 |     1 | 437.7500000000000000 | 1.0175674200811964 |              3 |     12920 |     2 | 350.3333333333333333 | 1.00100935750992810095
              4 |      1724 |     1 | 351.7500000000000000 | 1.1280954456642819 |              4 |      1724 |     2 | 489.5000000000000000 |     1.0879011656116876
              4 |      7160 |     1 | 307.5000000000000000 | 1.1428685211372817 |              4 |      7160 |     2 | 237.6666666666666667 |     1.0719848423167642
              4 |      8096 |     1 | 273.0000000000000000 | 1.1235155376700691 |              4 |      8096 |     2 | 357.3333333333333333 |     1.2588224522792000
              4 |      8324 |     1 | 155.0000000000000000 | 1.3574782275961197 |              4 |      8324 |     2 | 214.7500000000000000 |     1.4441165742773114
              4 |     11504 |     1 | 319.3333333333333333 | 1.2996025855523970 |              4 |     11504 |     2 | 402.0000000000000000 |     1.0519417855848296
              5 |      4556 |     1 | 242.0000000000000000 | 1.0169319902374266 |              5 |      4556 |     2 | 414.2500000000000000 |     1.0067521054790740
              5 |      6080 |     1 | 459.2500000000000000 | 1.0501174467611707 |              5 |      6080 |     2 | 262.5000000000000000 |     1.5912246124277261
              5 |      7412 |     1 | 327.2500000000000000 | 1.3018392563697230 |              5 |      7412 |     2 | 431.0000000000000000 |     1.1294729346438880
              5 |      7928 |     1 | 370.5000000000000000 | 1.0240807792940016 |              5 |      7928 |     2 | 319.7500000000000000 |     1.0164956567851802
              5 |     10712 |     1 | 293.5000000000000000 | 1.3933459006259525 |              5 |     10712 |     2 | 353.3333333333333333 |     1.0076995326815466
              5 |     17096 |     1 | 305.0000000000000000 | 1.2555222460651971 |              5 |     17096 |     2 | 444.5000000000000000 |     1.0147445465668388
              5 |     17564 |     1 | 376.5000000000000000 | 1.0039828926497617 |              5 |     17564 |     2 | 135.7500000000000000 |     1.1664870209368083
(32 rows)

 w_warehouse_sk | i_item_sk | d_moy | mean | cov | w_warehouse_sk | i_item_sk | d_moy | mean | cov 
----------------+-----------+-------+------+-----+----------------+-----------+-------+------+-----
(0 rows)

