 channel | item  |      return_ratio      | return_rank | currency_rank 
---------+-------+------------------------+-------------+---------------
 catalog |  8980 | 0.73195876288659793814 |           1 |             1
 catalog |  2767 | 0.77000000000000000000 |           2 |             2
 catalog | 12877 | 0.80645161290322580645 |           3 |             3
 catalog |  4231 | 0.86746987951807228916 |           4 |             4
 catalog | 16711 | 0.88297872340425531915 |           5 |             5
 catalog | 16316 | 0.88732394366197183099 |           6 |             6
 catalog | 13861 | 0.93650793650793650794 |           7 |             7
 catalog | 16351 | 0.93975903614457831325 |           8 |             8
 catalog |  3338 | 0.95505617977528089888 |           9 |             9
 catalog |  5395 | 0.96226415094339622642 |          10 |            10
 store   |   751 | 0.79545454545454545455 |           1 |             1
 store   | 16120 | 0.88297872340425531915 |           2 |             2
 store   | 11605 | 0.95454545454545454545 |           3 |             3
 store   | 12158 | 0.97560975609756097561 |           4 |             4
 store   | 12544 | 0.98648648648648648649 |           5 |             5
 web     | 10898 | 0.97826086956521739130 |           1 |             1
 web     |  8851 | 0.98823529411764705882 |           2 |             2
(17 rows)

