 s_store_name1 |   s_store_id1    | d_week_seq1 |        ?column?        |        ?column?        |      ?column?      |        ?column?        |        ?column?        |        ?column?        |        ?column?        
---------------+------------------+-------------+------------------------+------------------------+--------------------+------------------------+------------------------+------------------------+------------------------
 able          | AAAAAAAACAAAAAAA |        5197 |     6.8841582648009209 | 0.95210376119520889495 | 1.8230005825983888 |     2.0770505687044103 | 0.34824533086251210563 | 0.64153405666063893912 | 0.67872060707926311760
 able          | AAAAAAAACAAAAAAA |        5197 |     6.8841582648009209 | 0.95210376119520889495 | 1.8230005825983888 |     2.0770505687044103 | 0.34824533086251210563 | 0.64153405666063893912 | 0.67872060707926311760
 able          | AAAAAAAACAAAAAAA |        5197 |     6.8841582648009209 | 0.95210376119520889495 | 1.8230005825983888 |     2.0770505687044103 | 0.34824533086251210563 | 0.64153405666063893912 | 0.67872060707926311760
 able          | AAAAAAAACAAAAAAA |        5197 |     6.8841582648009209 | 0.95210376119520889495 | 1.8230005825983888 |     2.0770505687044103 | 0.34824533086251210563 | 0.64153405666063893912 | 0.67872060707926311760
 able          | AAAAAAAACAAAAAAA |        5197 |     6.8841582648009209 | 0.95210376119520889495 | 1.8230005825983888 |     2.0770505687044103 | 0.34824533086251210563 | 0.64153405666063893912 | 0.67872060707926311760
 able          | AAAAAAAACAAAAAAA |        5197 |     6.8841582648009209 | 0.95210376119520889495 | 1.8230005825983888 |     2.0770505687044103 | 0.34824533086251210563 | 0.64153405666063893912 | 0.67872060707926311760
 able          | AAAAAAAACAAAAAAA |        5197 |     6.8841582648009209 | 0.95210376119520889495 | 1.8230005825983888 |     2.0770505687044103 | 0.34824533086251210563 | 0.64153405666063893912 | 0.67872060707926311760
 able          | AAAAAAAACAAAAAAA |        5197 |     6.8841582648009209 | 0.95210376119520889495 | 1.8230005825983888 |     2.0770505687044103 | 0.34824533086251210563 | 0.64153405666063893912 | 0.67872060707926311760
 able          | AAAAAAAACAAAAAAA |        5197 |     6.8841582648009209 | 0.95210376119520889495 | 1.8230005825983888 |     2.0770505687044103 | 0.34824533086251210563 | 0.64153405666063893912 | 0.67872060707926311760
 able          | AAAAAAAACAAAAAAA |        5197 |     6.8841582648009209 | 0.95210376119520889495 | 1.8230005825983888 |     2.0770505687044103 | 0.34824533086251210563 | 0.64153405666063893912 | 0.67872060707926311760
 able          | AAAAAAAACAAAAAAA |        5197 |     6.8841582648009209 | 0.95210376119520889495 | 1.8230005825983888 |     2.0770505687044103 | 0.34824533086251210563 | 0.64153405666063893912 | 0.67872060707926311760
 able          | AAAAAAAACAAAAAAA |        5197 |     6.8841582648009209 | 0.95210376119520889495 | 1.8230005825983888 |     2.0770505687044103 | 0.34824533086251210563 | 0.64153405666063893912 | 0.67872060707926311760
 able          | AAAAAAAACAAAAAAA |        5197 |     6.8841582648009209 | 0.95210376119520889495 | 1.8230005825983888 |     2.0770505687044103 | 0.34824533086251210563 | 0.64153405666063893912 | 0.67872060707926311760
 able          | AAAAAAAACAAAAAAA |        5197 |     6.8841582648009209 | 0.95210376119520889495 | 1.8230005825983888 |     2.0770505687044103 | 0.34824533086251210563 | 0.64153405666063893912 | 0.67872060707926311760
 able          | AAAAAAAACAAAAAAA |        5197 |     6.8841582648009209 | 0.95210376119520889495 | 1.8230005825983888 |     2.0770505687044103 | 0.34824533086251210563 | 0.64153405666063893912 | 0.67872060707926311760
 able          | AAAAAAAACAAAAAAA |        5197 |     6.8841582648009209 | 0.95210376119520889495 | 1.8230005825983888 |     2.0770505687044103 | 0.34824533086251210563 | 0.64153405666063893912 | 0.67872060707926311760
 able          | AAAAAAAACAAAAAAA |        5197 |     6.8841582648009209 | 0.95210376119520889495 | 1.8230005825983888 |     2.0770505687044103 | 0.34824533086251210563 | 0.64153405666063893912 | 0.67872060707926311760
 able          | AAAAAAAACAAAAAAA |        5197 |     6.8841582648009209 | 0.95210376119520889495 | 1.8230005825983888 |     2.0770505687044103 | 0.34824533086251210563 | 0.64153405666063893912 | 0.67872060707926311760
 able          | AAAAAAAACAAAAAAA |        5197 |     6.8841582648009209 | 0.95210376119520889495 | 1.8230005825983888 |     2.0770505687044103 | 0.34824533086251210563 | 0.64153405666063893912 | 0.67872060707926311760
 able          | AAAAAAAACAAAAAAA |        5197 |     6.8841582648009209 | 0.95210376119520889495 | 1.8230005825983888 |     2.0770505687044103 | 0.34824533086251210563 | 0.64153405666063893912 | 0.67872060707926311760
 able          | AAAAAAAACAAAAAAA |        5197 |     6.8841582648009209 | 0.95210376119520889495 | 1.8230005825983888 |     2.0770505687044103 | 0.34824533086251210563 | 0.64153405666063893912 | 0.67872060707926311760
 able          | AAAAAAAACAAAAAAA |        5197 |     6.8841582648009209 | 0.95210376119520889495 | 1.8230005825983888 |     2.0770505687044103 | 0.34824533086251210563 | 0.64153405666063893912 | 0.67872060707926311760
 able          | AAAAAAAACAAAAAAA |        5197 |     6.8841582648009209 | 0.95210376119520889495 | 1.8230005825983888 |     2.0770505687044103 | 0.34824533086251210563 | 0.64153405666063893912 | 0.67872060707926311760
 able          | AAAAAAAACAAAAAAA |        5197 |     6.8841582648009209 | 0.95210376119520889495 | 1.8230005825983888 |     2.0770505687044103 | 0.34824533086251210563 | 0.64153405666063893912 | 0.67872060707926311760
 able          | AAAAAAAACAAAAAAA |        5197 |     6.8841582648009209 | 0.95210376119520889495 | 1.8230005825983888 |     2.0770505687044103 | 0.34824533086251210563 | 0.64153405666063893912 | 0.67872060707926311760
 able          | AAAAAAAACAAAAAAA |        5197 |     6.8841582648009209 | 0.95210376119520889495 | 1.8230005825983888 |     2.0770505687044103 | 0.34824533086251210563 | 0.64153405666063893912 | 0.67872060707926311760
 able          | AAAAAAAACAAAAAAA |        5197 |     6.8841582648009209 | 0.95210376119520889495 | 1.8230005825983888 |     2.0770505687044103 | 0.34824533086251210563 | 0.64153405666063893912 | 0.67872060707926311760
 able          | AAAAAAAACAAAAAAA |        5197 |     6.8841582648009209 | 0.95210376119520889495 | 1.8230005825983888 |     2.0770505687044103 | 0.34824533086251210563 | 0.64153405666063893912 | 0.67872060707926311760
 able          | AAAAAAAACAAAAAAA |        5197 |     6.8841582648009209 | 0.95210376119520889495 | 1.8230005825983888 |     2.0770505687044103 | 0.34824533086251210563 | 0.64153405666063893912 | 0.67872060707926311760
 able          | AAAAAAAACAAAAAAA |        5197 |     6.8841582648009209 | 0.95210376119520889495 | 1.8230005825983888 |     2.0770505687044103 | 0.34824533086251210563 | 0.64153405666063893912 | 0.67872060707926311760
 able          | AAAAAAAACAAAAAAA |        5197 |     6.8841582648009209 | 0.95210376119520889495 | 1.8230005825983888 |     2.0770505687044103 | 0.34824533086251210563 | 0.64153405666063893912 | 0.67872060707926311760
 able          | AAAAAAAACAAAAAAA |        5197 |     6.8841582648009209 | 0.95210376119520889495 | 1.8230005825983888 |     2.0770505687044103 | 0.34824533086251210563 | 0.64153405666063893912 | 0.67872060707926311760
 able          | AAAAAAAACAAAAAAA |        5197 |     6.8841582648009209 | 0.95210376119520889495 | 1.8230005825983888 |     2.0770505687044103 | 0.34824533086251210563 | 0.64153405666063893912 | 0.67872060707926311760
 able          | AAAAAAAACAAAAAAA |        5197 |     6.8841582648009209 | 0.95210376119520889495 | 1.8230005825983888 |     2.0770505687044103 | 0.34824533086251210563 | 0.64153405666063893912 | 0.67872060707926311760
 able          | AAAAAAAACAAAAAAA |        5197 |     6.8841582648009209 | 0.95210376119520889495 | 1.8230005825983888 |     2.0770505687044103 | 0.34824533086251210563 | 0.64153405666063893912 | 0.67872060707926311760
 able          | AAAAAAAACAAAAAAA |        5197 |     6.8841582648009209 | 0.95210376119520889495 | 1.8230005825983888 |     2.0770505687044103 | 0.34824533086251210563 | 0.64153405666063893912 | 0.67872060707926311760
 able          | AAAAAAAACAAAAAAA |        5197 |     6.8841582648009209 | 0.95210376119520889495 | 1.8230005825983888 |     2.0770505687044103 | 0.34824533086251210563 | 0.64153405666063893912 | 0.67872060707926311760
 able          | AAAAAAAACAAAAAAA |        5197 |     6.8841582648009209 | 0.95210376119520889495 | 1.8230005825983888 |     2.0770505687044103 | 0.34824533086251210563 | 0.64153405666063893912 | 0.67872060707926311760
 able          | AAAAAAAACAAAAAAA |        5197 |     6.8841582648009209 | 0.95210376119520889495 | 1.8230005825983888 |     2.0770505687044103 | 0.34824533086251210563 | 0.64153405666063893912 | 0.67872060707926311760
 able          | AAAAAAAACAAAAAAA |        5197 |     6.8841582648009209 | 0.95210376119520889495 | 1.8230005825983888 |     2.0770505687044103 | 0.34824533086251210563 | 0.64153405666063893912 | 0.67872060707926311760
 able          | AAAAAAAACAAAAAAA |        5197 |     6.8841582648009209 | 0.95210376119520889495 | 1.8230005825983888 |     2.0770505687044103 | 0.34824533086251210563 | 0.64153405666063893912 | 0.67872060707926311760
 able          | AAAAAAAACAAAAAAA |        5197 |     6.8841582648009209 | 0.95210376119520889495 | 1.8230005825983888 |     2.0770505687044103 | 0.34824533086251210563 | 0.64153405666063893912 | 0.67872060707926311760
 able          | AAAAAAAACAAAAAAA |        5197 |     6.8841582648009209 | 0.95210376119520889495 | 1.8230005825983888 |     2.0770505687044103 | 0.34824533086251210563 | 0.64153405666063893912 | 0.67872060707926311760
 able          | AAAAAAAACAAAAAAA |        5197 |     6.8841582648009209 | 0.95210376119520889495 | 1.8230005825983888 |     2.0770505687044103 | 0.34824533086251210563 | 0.64153405666063893912 | 0.67872060707926311760
 able          | AAAAAAAACAAAAAAA |        5197 |     6.8841582648009209 | 0.95210376119520889495 | 1.8230005825983888 |     2.0770505687044103 | 0.34824533086251210563 | 0.64153405666063893912 | 0.67872060707926311760
 able          | AAAAAAAACAAAAAAA |        5197 |     6.8841582648009209 | 0.95210376119520889495 | 1.8230005825983888 |     2.0770505687044103 | 0.34824533086251210563 | 0.64153405666063893912 | 0.67872060707926311760
 able          | AAAAAAAACAAAAAAA |        5197 |     6.8841582648009209 | 0.95210376119520889495 | 1.8230005825983888 |     2.0770505687044103 | 0.34824533086251210563 | 0.64153405666063893912 | 0.67872060707926311760
 able          | AAAAAAAACAAAAAAA |        5197 |     6.8841582648009209 | 0.95210376119520889495 | 1.8230005825983888 |     2.0770505687044103 | 0.34824533086251210563 | 0.64153405666063893912 | 0.67872060707926311760
 able          | AAAAAAAACAAAAAAA |        5197 |     6.8841582648009209 | 0.95210376119520889495 | 1.8230005825983888 |     2.0770505687044103 | 0.34824533086251210563 | 0.64153405666063893912 | 0.67872060707926311760
 able          | AAAAAAAACAAAAAAA |        5198 | 0.82209733590328532844 |     2.0973664521921293 | 1.7557205882352941 | 0.86163213301027654775 |     2.6160052049446975 |     1.1975539437133477 | 0.61097022258766132546
 able          | AAAAAAAACAAAAAAA |        5198 | 0.82209733590328532844 |     2.0973664521921293 | 1.7557205882352941 | 0.86163213301027654775 |     2.6160052049446975 |     1.1975539437133477 | 0.61097022258766132546
 able          | AAAAAAAACAAAAAAA |        5198 | 0.82209733590328532844 |     2.0973664521921293 | 1.7557205882352941 | 0.86163213301027654775 |     2.6160052049446975 |     1.1975539437133477 | 0.61097022258766132546
 able          | AAAAAAAACAAAAAAA |        5198 | 0.82209733590328532844 |     2.0973664521921293 | 1.7557205882352941 | 0.86163213301027654775 |     2.6160052049446975 |     1.1975539437133477 | 0.61097022258766132546
 able          | AAAAAAAACAAAAAAA |        5198 | 0.82209733590328532844 |     2.0973664521921293 | 1.7557205882352941 | 0.86163213301027654775 |     2.6160052049446975 |     1.1975539437133477 | 0.61097022258766132546
 able          | AAAAAAAACAAAAAAA |        5198 | 0.82209733590328532844 |     2.0973664521921293 | 1.7557205882352941 | 0.86163213301027654775 |     2.6160052049446975 |     1.1975539437133477 | 0.61097022258766132546
 able          | AAAAAAAACAAAAAAA |        5198 | 0.82209733590328532844 |     2.0973664521921293 | 1.7557205882352941 | 0.86163213301027654775 |     2.6160052049446975 |     1.1975539437133477 | 0.61097022258766132546
 able          | AAAAAAAACAAAAAAA |        5198 | 0.82209733590328532844 |     2.0973664521921293 | 1.7557205882352941 | 0.86163213301027654775 |     2.6160052049446975 |     1.1975539437133477 | 0.61097022258766132546
 able          | AAAAAAAACAAAAAAA |        5198 | 0.82209733590328532844 |     2.0973664521921293 | 1.7557205882352941 | 0.86163213301027654775 |     2.6160052049446975 |     1.1975539437133477 | 0.61097022258766132546
 able          | AAAAAAAACAAAAAAA |        5198 | 0.82209733590328532844 |     2.0973664521921293 | 1.7557205882352941 | 0.86163213301027654775 |     2.6160052049446975 |     1.1975539437133477 | 0.61097022258766132546
 able          | AAAAAAAACAAAAAAA |        5198 | 0.82209733590328532844 |     2.0973664521921293 | 1.7557205882352941 | 0.86163213301027654775 |     2.6160052049446975 |     1.1975539437133477 | 0.61097022258766132546
 able          | AAAAAAAACAAAAAAA |        5198 | 0.82209733590328532844 |     2.0973664521921293 | 1.7557205882352941 | 0.86163213301027654775 |     2.6160052049446975 |     1.1975539437133477 | 0.61097022258766132546
 able          | AAAAAAAACAAAAAAA |        5198 | 0.82209733590328532844 |     2.0973664521921293 | 1.7557205882352941 | 0.86163213301027654775 |     2.6160052049446975 |     1.1975539437133477 | 0.61097022258766132546
 able          | AAAAAAAACAAAAAAA |        5198 | 0.82209733590328532844 |     2.0973664521921293 | 1.7557205882352941 | 0.86163213301027654775 |     2.6160052049446975 |     1.1975539437133477 | 0.61097022258766132546
 able          | AAAAAAAACAAAAAAA |        5198 | 0.82209733590328532844 |     2.0973664521921293 | 1.7557205882352941 | 0.86163213301027654775 |     2.6160052049446975 |     1.1975539437133477 | 0.61097022258766132546
 able          | AAAAAAAACAAAAAAA |        5198 | 0.82209733590328532844 |     2.0973664521921293 | 1.7557205882352941 | 0.86163213301027654775 |     2.6160052049446975 |     1.1975539437133477 | 0.61097022258766132546
 able          | AAAAAAAACAAAAAAA |        5198 | 0.82209733590328532844 |     2.0973664521921293 | 1.7557205882352941 | 0.86163213301027654775 |     2.6160052049446975 |     1.1975539437133477 | 0.61097022258766132546
 able          | AAAAAAAACAAAAAAA |        5198 | 0.82209733590328532844 |     2.0973664521921293 | 1.7557205882352941 | 0.86163213301027654775 |     2.6160052049446975 |     1.1975539437133477 | 0.61097022258766132546
 able          | AAAAAAAACAAAAAAA |        5198 | 0.82209733590328532844 |     2.0973664521921293 | 1.7557205882352941 | 0.86163213301027654775 |     2.6160052049446975 |     1.1975539437133477 | 0.61097022258766132546
 able          | AAAAAAAACAAAAAAA |        5198 | 0.82209733590328532844 |     2.0973664521921293 | 1.7557205882352941 | 0.86163213301027654775 |     2.6160052049446975 |     1.1975539437133477 | 0.61097022258766132546
 able          | AAAAAAAACAAAAAAA |        5198 | 0.82209733590328532844 |     2.0973664521921293 | 1.7557205882352941 | 0.86163213301027654775 |     2.6160052049446975 |     1.1975539437133477 | 0.61097022258766132546
 able          | AAAAAAAACAAAAAAA |        5198 | 0.82209733590328532844 |     2.0973664521921293 | 1.7557205882352941 | 0.86163213301027654775 |     2.6160052049446975 |     1.1975539437133477 | 0.61097022258766132546
 able          | AAAAAAAACAAAAAAA |        5198 | 0.82209733590328532844 |     2.0973664521921293 | 1.7557205882352941 | 0.86163213301027654775 |     2.6160052049446975 |     1.1975539437133477 | 0.61097022258766132546
 able          | AAAAAAAACAAAAAAA |        5198 | 0.82209733590328532844 |     2.0973664521921293 | 1.7557205882352941 | 0.86163213301027654775 |     2.6160052049446975 |     1.1975539437133477 | 0.61097022258766132546
 able          | AAAAAAAACAAAAAAA |        5198 | 0.82209733590328532844 |     2.0973664521921293 | 1.7557205882352941 | 0.86163213301027654775 |     2.6160052049446975 |     1.1975539437133477 | 0.61097022258766132546
 able          | AAAAAAAACAAAAAAA |        5198 | 0.82209733590328532844 |     2.0973664521921293 | 1.7557205882352941 | 0.86163213301027654775 |     2.6160052049446975 |     1.1975539437133477 | 0.61097022258766132546
 able          | AAAAAAAACAAAAAAA |        5198 | 0.82209733590328532844 |     2.0973664521921293 | 1.7557205882352941 | 0.86163213301027654775 |     2.6160052049446975 |     1.1975539437133477 | 0.61097022258766132546
 able          | AAAAAAAACAAAAAAA |        5198 | 0.82209733590328532844 |     2.0973664521921293 | 1.7557205882352941 | 0.86163213301027654775 |     2.6160052049446975 |     1.1975539437133477 | 0.61097022258766132546
 able          | AAAAAAAACAAAAAAA |        5198 | 0.82209733590328532844 |     2.0973664521921293 | 1.7557205882352941 | 0.86163213301027654775 |     2.6160052049446975 |     1.1975539437133477 | 0.61097022258766132546
 able          | AAAAAAAACAAAAAAA |        5198 | 0.82209733590328532844 |     2.0973664521921293 | 1.7557205882352941 | 0.86163213301027654775 |     2.6160052049446975 |     1.1975539437133477 | 0.61097022258766132546
 able          | AAAAAAAACAAAAAAA |        5198 | 0.82209733590328532844 |     2.0973664521921293 | 1.7557205882352941 | 0.86163213301027654775 |     2.6160052049446975 |     1.1975539437133477 | 0.61097022258766132546
 able          | AAAAAAAACAAAAAAA |        5198 | 0.82209733590328532844 |     2.0973664521921293 | 1.7557205882352941 | 0.86163213301027654775 |     2.6160052049446975 |     1.1975539437133477 | 0.61097022258766132546
 able          | AAAAAAAACAAAAAAA |        5198 | 0.82209733590328532844 |     2.0973664521921293 | 1.7557205882352941 | 0.86163213301027654775 |     2.6160052049446975 |     1.1975539437133477 | 0.61097022258766132546
 able          | AAAAAAAACAAAAAAA |        5198 | 0.82209733590328532844 |     2.0973664521921293 | 1.7557205882352941 | 0.86163213301027654775 |     2.6160052049446975 |     1.1975539437133477 | 0.61097022258766132546
 able          | AAAAAAAACAAAAAAA |        5198 | 0.82209733590328532844 |     2.0973664521921293 | 1.7557205882352941 | 0.86163213301027654775 |     2.6160052049446975 |     1.1975539437133477 | 0.61097022258766132546
 able          | AAAAAAAACAAAAAAA |        5198 | 0.82209733590328532844 |     2.0973664521921293 | 1.7557205882352941 | 0.86163213301027654775 |     2.6160052049446975 |     1.1975539437133477 | 0.61097022258766132546
 able          | AAAAAAAACAAAAAAA |        5198 | 0.82209733590328532844 |     2.0973664521921293 | 1.7557205882352941 | 0.86163213301027654775 |     2.6160052049446975 |     1.1975539437133477 | 0.61097022258766132546
 able          | AAAAAAAACAAAAAAA |        5198 | 0.82209733590328532844 |     2.0973664521921293 | 1.7557205882352941 | 0.86163213301027654775 |     2.6160052049446975 |     1.1975539437133477 | 0.61097022258766132546
 able          | AAAAAAAACAAAAAAA |        5198 | 0.82209733590328532844 |     2.0973664521921293 | 1.7557205882352941 | 0.86163213301027654775 |     2.6160052049446975 |     1.1975539437133477 | 0.61097022258766132546
 able          | AAAAAAAACAAAAAAA |        5198 | 0.82209733590328532844 |     2.0973664521921293 | 1.7557205882352941 | 0.86163213301027654775 |     2.6160052049446975 |     1.1975539437133477 | 0.61097022258766132546
 able          | AAAAAAAACAAAAAAA |        5198 | 0.82209733590328532844 |     2.0973664521921293 | 1.7557205882352941 | 0.86163213301027654775 |     2.6160052049446975 |     1.1975539437133477 | 0.61097022258766132546
 able          | AAAAAAAACAAAAAAA |        5198 | 0.82209733590328532844 |     2.0973664521921293 | 1.7557205882352941 | 0.86163213301027654775 |     2.6160052049446975 |     1.1975539437133477 | 0.61097022258766132546
 able          | AAAAAAAACAAAAAAA |        5198 | 0.82209733590328532844 |     2.0973664521921293 | 1.7557205882352941 | 0.86163213301027654775 |     2.6160052049446975 |     1.1975539437133477 | 0.61097022258766132546
 able          | AAAAAAAACAAAAAAA |        5198 | 0.82209733590328532844 |     2.0973664521921293 | 1.7557205882352941 | 0.86163213301027654775 |     2.6160052049446975 |     1.1975539437133477 | 0.61097022258766132546
 able          | AAAAAAAACAAAAAAA |        5198 | 0.82209733590328532844 |     2.0973664521921293 | 1.7557205882352941 | 0.86163213301027654775 |     2.6160052049446975 |     1.1975539437133477 | 0.61097022258766132546
 able          | AAAAAAAACAAAAAAA |        5198 | 0.82209733590328532844 |     2.0973664521921293 | 1.7557205882352941 | 0.86163213301027654775 |     2.6160052049446975 |     1.1975539437133477 | 0.61097022258766132546
 able          | AAAAAAAACAAAAAAA |        5198 | 0.82209733590328532844 |     2.0973664521921293 | 1.7557205882352941 | 0.86163213301027654775 |     2.6160052049446975 |     1.1975539437133477 | 0.61097022258766132546
 able          | AAAAAAAACAAAAAAA |        5198 | 0.82209733590328532844 |     2.0973664521921293 | 1.7557205882352941 | 0.86163213301027654775 |     2.6160052049446975 |     1.1975539437133477 | 0.61097022258766132546
 able          | AAAAAAAACAAAAAAA |        5198 | 0.82209733590328532844 |     2.0973664521921293 | 1.7557205882352941 | 0.86163213301027654775 |     2.6160052049446975 |     1.1975539437133477 | 0.61097022258766132546
 able          | AAAAAAAACAAAAAAA |        5199 | 0.71105156443008965933 |     1.4873296463285351 | 1.0956247685803102 |     1.0549602498913771 |     1.4967280840585362 |     3.2382980184759092 | 0.69614778748388944580
 able          | AAAAAAAACAAAAAAA |        5199 | 0.71105156443008965933 |     1.4873296463285351 | 1.0956247685803102 |     1.0549602498913771 |     1.4967280840585362 |     3.2382980184759092 | 0.69614778748388944580
(100 rows)

