 channel | i_brand_id | i_class_id | i_category_id |    sum     | sum 
---------+------------+------------+---------------+------------+-----
 catalog |    1001001 |          1 |             1 |    9951.01 |   2
 catalog |    1001001 |          1 |             2 |   45669.72 |   9
 catalog |    1001001 |          1 |             4 |   12581.47 |   5
 catalog |    1001001 |          1 |             5 |   22028.59 |   6
 catalog |    1001001 |          1 |             6 |    7023.21 |   2
 catalog |    1001001 |          1 |             7 |   11309.27 |   4
 catalog |    1001001 |          1 |             8 |   25009.30 |   5
 catalog |    1001001 |          1 |             9 |   22304.77 |   4
 catalog |    1001001 |          1 |            10 |   10335.60 |   3
 catalog |    1001001 |          1 |               |  166212.94 |  40
 catalog |    1001001 |          2 |             3 |   26025.33 |   4
 catalog |    1001001 |          2 |               |   26025.33 |   4
 catalog |    1001001 |          3 |             2 |   27724.99 |   5
 catalog |    1001001 |          3 |             9 |    6201.75 |   1
 catalog |    1001001 |          3 |               |   33926.74 |   6
 catalog |    1001001 |          4 |             2 |   17237.94 |   4
 catalog |    1001001 |          4 |             4 |   19951.98 |   4
 catalog |    1001001 |          4 |               |   37189.92 |   8
 catalog |    1001001 |          5 |             9 |    6867.68 |   2
 catalog |    1001001 |          5 |               |    6867.68 |   2
 catalog |    1001001 |          7 |             7 |   13582.25 |   1
 catalog |    1001001 |          7 |               |   13582.25 |   1
 catalog |    1001001 |          8 |             7 |    6908.58 |   2
 catalog |    1001001 |          8 |               |    6908.58 |   2
 catalog |    1001001 |          9 |             6 |    7816.49 |   2
 catalog |    1001001 |          9 |               |    7816.49 |   2
 catalog |    1001001 |         11 |             9 |   21713.35 |   3
 catalog |    1001001 |         11 |               |   21713.35 |   3
 catalog |    1001001 |         12 |            10 |   13076.64 |   4
 catalog |    1001001 |         12 |               |   13076.64 |   4
 catalog |    1001001 |         15 |            10 |   18734.17 |   1
 catalog |    1001001 |         15 |               |   18734.17 |   1
 catalog |    1001001 |            |               |  352054.09 |  73
 catalog |    1001002 |          1 |             1 |  693621.90 | 135
 catalog |    1001002 |          1 |               |  693621.90 | 135
 catalog |    1001002 |          2 |             1 |   75016.29 |  11
 catalog |    1001002 |          2 |               |   75016.29 |  11
 catalog |    1001002 |          3 |             1 |  107839.59 |  19
 catalog |    1001002 |          3 |               |  107839.59 |  19
 catalog |    1001002 |          4 |             1 |   42765.18 |   5
 catalog |    1001002 |          4 |               |   42765.18 |   5
 catalog |    1001002 |          5 |             1 |    6476.41 |   4
 catalog |    1001002 |          5 |               |    6476.41 |   4
 catalog |    1001002 |          7 |             1 |   13834.43 |   4
 catalog |    1001002 |          7 |               |   13834.43 |   4
 catalog |    1001002 |          8 |             1 |   25737.71 |   4
 catalog |    1001002 |          8 |               |   25737.71 |   4
 catalog |    1001002 |          9 |             1 |    9167.19 |   3
 catalog |    1001002 |          9 |               |    9167.19 |   3
 catalog |    1001002 |         12 |             1 |    5290.50 |   2
 catalog |    1001002 |         12 |               |    5290.50 |   2
 catalog |    1001002 |         15 |             1 |    8826.60 |   1
 catalog |    1001002 |         15 |               |    8826.60 |   1
 catalog |    1001002 |         16 |             1 |   28577.44 |   3
 catalog |    1001002 |         16 |               |   28577.44 |   3
 catalog |    1001002 |            |               | 1017153.24 | 191
 catalog |    1002001 |          1 |             1 |   27676.67 |   6
 catalog |    1002001 |          1 |             2 |   38642.07 |   3
 catalog |    1002001 |          1 |             6 |   12057.60 |   1
 catalog |    1002001 |          1 |             9 |    6566.12 |   1
 catalog |    1002001 |          1 |            10 |   10328.71 |   1
 catalog |    1002001 |          1 |               |   95271.17 |  12
 catalog |    1002001 |          2 |             1 |   62835.19 |  16
 catalog |    1002001 |          2 |             2 |   68985.23 |   9
 catalog |    1002001 |          2 |             3 |   32157.18 |   6
 catalog |    1002001 |          2 |             4 |   22103.24 |   5
 catalog |    1002001 |          2 |             6 |   45322.40 |   4
 catalog |    1002001 |          2 |             7 |   19362.70 |   4
 catalog |    1002001 |          2 |             8 |   19578.24 |   8
 catalog |    1002001 |          2 |             9 |   28019.68 |   8
 catalog |    1002001 |          2 |            10 |    7250.91 |   2
 catalog |    1002001 |          2 |               |  305614.77 |  62
 catalog |    1002001 |          3 |             8 |   19558.00 |   5
 catalog |    1002001 |          3 |               |   19558.00 |   5
 catalog |    1002001 |          4 |             4 |   25211.64 |   3
 catalog |    1002001 |          4 |             5 |   17939.04 |   2
 catalog |    1002001 |          4 |               |   43150.68 |   5
 catalog |    1002001 |         10 |             8 |    6173.52 |   2
 catalog |    1002001 |         10 |             9 |   13787.49 |   1
 catalog |    1002001 |         10 |               |   19961.01 |   3
 catalog |    1002001 |         13 |             7 |   14119.90 |   2
 catalog |    1002001 |         13 |               |   14119.90 |   2
 catalog |    1002001 |            |               |  497675.53 |  89
 catalog |    1002002 |          1 |             1 |    8363.98 |   5
 catalog |    1002002 |          1 |               |    8363.98 |   5
 catalog |    1002002 |          2 |             1 |  724464.44 | 158
 catalog |    1002002 |          2 |               |  724464.44 | 158
 catalog |    1002002 |          3 |             1 |   50650.58 |   9
 catalog |    1002002 |          3 |               |   50650.58 |   9
 catalog |    1002002 |          4 |             1 |   14625.96 |   4
 catalog |    1002002 |          4 |               |   14625.96 |   4
 catalog |    1002002 |          5 |             1 |   34308.30 |   4
 catalog |    1002002 |          5 |               |   34308.30 |   4
 catalog |    1002002 |          6 |             1 |    8271.39 |   2
 catalog |    1002002 |          6 |               |    8271.39 |   2
 catalog |    1002002 |          9 |             1 |   12262.15 |   3
 catalog |    1002002 |          9 |               |   12262.15 |   3
 catalog |    1002002 |            |               |  852946.80 | 185
 catalog |    1003001 |          1 |             3 |   16637.60 |   3
 catalog |    1003001 |          1 |               |   16637.60 |   3
(100 rows)

 ty_channel | ty_brand | ty_class | ty_category | ty_sales  | ty_number_sales | ly_channel | ly_brand | ly_class | ly_category | ly_sales  | ly_number_sales 
------------+----------+----------+-------------+-----------+-----------------+------------+----------+----------+-------------+-----------+-----------------
 store      |  1001001 |        1 |           1 | 131566.51 |              40 | store      |  1001001 |        1 |           1 | 300272.76 |              84
 store      |  1001002 |        1 |           1 | 210359.14 |              56 | store      |  1001002 |        1 |           1 | 130922.49 |              41
 store      |  1002001 |        2 |           1 | 137131.36 |              42 | store      |  1002001 |        2 |           1 | 280202.11 |              77
 store      |  1002002 |        2 |           1 | 121820.99 |              45 | store      |  1002002 |        2 |           1 | 141877.22 |              44
 store      |  1003001 |        3 |           1 | 206477.26 |              54 | store      |  1003001 |        3 |           1 | 236944.79 |              64
 store      |  1003002 |        3 |           1 | 114569.99 |              38 | store      |  1003002 |        3 |           1 | 168524.58 |              36
 store      |  1004001 |        4 |           1 | 167540.22 |              53 | store      |  1004001 |        4 |           1 | 296274.00 |              74
 store      |  1004002 |        4 |           1 | 205650.37 |              54 | store      |  1004002 |        4 |           1 | 154949.64 |              41
 store      |  2001001 |        1 |           2 | 167292.04 |              43 | store      |  2001001 |        1 |           2 | 262071.01 |              77
 store      |  2001002 |        1 |           2 | 172414.47 |              44 | store      |  2001002 |        1 |           2 | 141570.33 |              33
 store      |  2002001 |        2 |           2 | 217739.85 |              53 | store      |  2002001 |        2 |           2 | 310566.48 |              89
 store      |  2002002 |        2 |           2 | 150921.70 |              52 | store      |  2002002 |        2 |           2 | 158170.60 |              43
 store      |  2003001 |        3 |           2 | 137184.23 |              35 | store      |  2003001 |        3 |           2 | 241822.79 |              68
 store      |  2003002 |        3 |           2 | 185769.29 |              50 | store      |  2003002 |        3 |           2 | 146835.15 |              42
 store      |  2004001 |        4 |           2 | 168949.80 |              48 | store      |  2004001 |        4 |           2 | 315904.91 |              90
 store      |  2004002 |        4 |           2 | 169362.81 |              52 | store      |  2004002 |        4 |           2 | 133786.73 |              38
 store      |  3001001 |        1 |           3 | 102314.52 |              32 | store      |  3001001 |        1 |           3 | 273852.72 |              73
 store      |  3001002 |        1 |           3 | 229477.73 |              46 | store      |  3001002 |        1 |           3 | 184341.20 |              46
 store      |  3002001 |        2 |           3 | 146872.52 |              39 | store      |  3002001 |        2 |           3 | 302877.42 |              86
 store      |  3002002 |        2 |           3 | 186283.88 |              43 | store      |  3002002 |        2 |           3 | 168928.81 |              48
 store      |  3003001 |        3 |           3 | 223378.25 |              62 | store      |  3003001 |        3 |           3 | 290937.29 |              86
 store      |  3003002 |        3 |           3 | 103994.56 |              36 | store      |  3003002 |        3 |           3 | 125348.01 |              37
 store      |  3004001 |        4 |           3 | 189839.22 |              46 | store      |  3004001 |        4 |           3 | 194940.65 |              72
 store      |  3004002 |        4 |           3 | 238562.46 |              69 | store      |  3004002 |        4 |           3 | 204120.97 |              48
 store      |  4001001 |        1 |           4 | 197811.06 |              53 | store      |  4001001 |        1 |           4 | 320337.29 |              91
 store      |  4001002 |        1 |           4 | 226276.30 |              47 | store      |  4001002 |        1 |           4 | 134028.17 |              39
 store      |  4002001 |        2 |           4 | 159832.18 |              41 | store      |  4002001 |        2 |           4 | 338890.75 |              87
 store      |  4002002 |        2 |           4 | 249080.77 |              71 | store      |  4002002 |        2 |           4 | 138124.29 |              45
 store      |  4003001 |        3 |           4 | 229288.92 |              62 | store      |  4003001 |        3 |           4 | 357269.68 |              90
 store      |  4003002 |        3 |           4 | 144045.09 |              42 | store      |  4003002 |        3 |           4 |  94386.86 |              37
 store      |  4004001 |        4 |           4 | 158030.86 |              39 | store      |  4004001 |        4 |           4 | 377838.38 |              97
 store      |  4004002 |        4 |           4 | 200053.56 |              59 | store      |  4004002 |        4 |           4 | 118699.87 |              25
 store      |  5001001 |        1 |           5 | 107926.16 |              35 | store      |  5001001 |        1 |           5 | 256523.68 |              64
 store      |  5001002 |        1 |           5 | 161665.62 |              46 | store      |  5001002 |        1 |           5 | 109174.85 |              35
 store      |  5002001 |        2 |           5 | 161936.11 |              40 | store      |  5002001 |        2 |           5 | 281364.91 |              69
 store      |  5002002 |        2 |           5 | 172169.76 |              53 | store      |  5002002 |        2 |           5 | 107906.32 |              30
 store      |  5003001 |        3 |           5 | 129540.56 |              35 | store      |  5003001 |        3 |           5 | 330394.63 |              90
 store      |  5003002 |        3 |           5 | 214335.41 |              55 | store      |  5003002 |        3 |           5 | 182522.67 |              58
 store      |  5004001 |        4 |           5 | 155557.89 |              44 | store      |  5004001 |        4 |           5 | 310641.86 |              94
 store      |  5004002 |        4 |           5 | 226602.28 |              56 | store      |  5004002 |        4 |           5 | 122408.73 |              38
 store      |  6001002 |        1 |           6 |  12418.02 |               4 | store      |  6001002 |        1 |           6 |  35557.26 |               4
 store      |  6001005 |        1 |           6 |   4805.05 |               1 | store      |  6001005 |        1 |           6 |  17741.36 |               4
 store      |  6001006 |        1 |           6 |  18739.91 |               4 | store      |  6001006 |        1 |           6 |  14469.90 |               2
 store      |  6001008 |        1 |           6 |  24623.25 |               5 | store      |  6001008 |        1 |           6 |  32662.64 |               8
 store      |  6002001 |        2 |           6 |  17221.40 |               5 | store      |  6002001 |        2 |           6 |  10375.26 |               3
 store      |  6002005 |        2 |           6 |  35130.71 |               4 | store      |  6002005 |        2 |           6 |  21759.47 |               5
 store      |  6002008 |        2 |           6 |   4511.24 |               1 | store      |  6002008 |        2 |           6 |  10350.90 |               1
 store      |  6003002 |        3 |           6 |  18383.80 |               5 | store      |  6003002 |        3 |           6 |  25561.80 |               7
 store      |  6003004 |        3 |           6 |   7253.99 |               3 | store      |  6003004 |        3 |           6 |   9857.80 |               3
 store      |  6003005 |        3 |           6 |  28877.15 |               5 | store      |  6003005 |        3 |           6 |  29918.58 |               9
 store      |  6003007 |        3 |           6 |  13037.37 |               4 | store      |  6003007 |        3 |           6 |  17211.83 |               6
 store      |  6003008 |        3 |           6 |  15098.22 |               3 | store      |  6003008 |        3 |           6 |  12147.86 |               5
 store      |  6004001 |        4 |           6 |  13353.32 |               2 | store      |  6004001 |        4 |           6 |  38481.65 |               7
 store      |  6004006 |        4 |           6 |  27112.88 |               5 | store      |  6004006 |        4 |           6 |   5937.72 |               3
 store      |  6004007 |        4 |           6 |   7005.40 |               2 | store      |  6004007 |        4 |           6 |   8895.71 |               3
 store      |  6004008 |        4 |           6 |  17317.12 |               5 | store      |  6004008 |        4 |           6 |   7979.60 |               2
 store      |  6005001 |        5 |           6 |  17351.40 |               3 | store      |  6005001 |        5 |           6 |  16717.98 |               6
 store      |  6005003 |        5 |           6 |  10851.00 |               1 | store      |  6005003 |        5 |           6 |  17661.95 |               4
 store      |  6005006 |        5 |           6 |  13215.63 |               3 | store      |  6005006 |        5 |           6 |  23567.70 |               4
 store      |  6006001 |        6 |           6 |  15961.83 |               6 | store      |  6006001 |        6 |           6 |   4824.22 |               1
 store      |  6006002 |        6 |           6 |  19328.48 |               6 | store      |  6006002 |        6 |           6 |  22794.53 |               5
 store      |  6006003 |        6 |           6 |   7940.09 |               4 | store      |  6006003 |        6 |           6 |  30820.46 |               4
 store      |  6006004 |        6 |           6 |  13070.92 |               2 | store      |  6006004 |        6 |           6 |   6833.04 |               3
 store      |  6006005 |        6 |           6 |   5169.94 |               3 | store      |  6006005 |        6 |           6 |  17784.96 |               5
 store      |  6007003 |        7 |           6 |  24291.32 |               4 | store      |  6007003 |        7 |           6 |  34199.06 |               9
 store      |  6007004 |        7 |           6 |  19197.32 |               6 | store      |  6007004 |        7 |           6 |  21002.05 |               5
 store      |  6007006 |        7 |           6 |   6457.96 |               4 | store      |  6007006 |        7 |           6 |  22045.06 |               4
 store      |  6007007 |        7 |           6 |   4824.82 |               5 | store      |  6007007 |        7 |           6 |  11614.05 |               2
 store      |  6007008 |        7 |           6 |  11499.50 |               3 | store      |  6007008 |        7 |           6 |  11207.94 |               2
 store      |  6008001 |        8 |           6 |  18144.65 |               7 | store      |  6008001 |        8 |           6 |  18901.09 |               7
 store      |  6008002 |        8 |           6 |  20015.07 |               4 | store      |  6008002 |        8 |           6 |   7224.99 |               2
 store      |  6008003 |        8 |           6 |   7174.85 |               1 | store      |  6008003 |        8 |           6 |  10827.68 |               2
 store      |  6008005 |        8 |           6 |   4763.73 |               4 | store      |  6008005 |        8 |           6 |  26741.89 |              10
 store      |  6008008 |        8 |           6 |   6134.05 |               4 | store      |  6008008 |        8 |           6 |  14886.62 |               3
 store      |  6009001 |        9 |           6 |  10293.89 |               4 | store      |  6009001 |        9 |           6 |  39203.29 |              13
 store      |  6009002 |        9 |           6 |  18590.37 |               5 | store      |  6009002 |        9 |           6 |  14270.52 |               2
 store      |  6009006 |        9 |           6 |  25645.28 |               5 | store      |  6009006 |        9 |           6 |  16051.28 |               2
 store      |  6009008 |        9 |           6 |  14802.11 |               3 | store      |  6009008 |        9 |           6 |   5959.76 |               1
 store      |  6010001 |       10 |           6 |  10245.74 |               7 | store      |  6010001 |       10 |           6 |  14329.29 |               4
 store      |  6010004 |       10 |           6 |  26688.79 |               6 | store      |  6010004 |       10 |           6 |  27239.38 |               3
 store      |  6010005 |       10 |           6 |  12187.21 |               4 | store      |  6010005 |       10 |           6 |  20676.89 |               5
 store      |  6010006 |       10 |           6 |   9770.31 |               2 | store      |  6010006 |       10 |           6 |   7798.88 |               3
 store      |  6010007 |       10 |           6 |   5946.45 |               3 | store      |  6010007 |       10 |           6 |  23379.66 |               9
 store      |  6011001 |       11 |           6 |  16541.46 |               3 | store      |  6011001 |       11 |           6 |  15289.08 |               6
 store      |  6011003 |       11 |           6 |  10022.90 |               3 | store      |  6011003 |       11 |           6 |  13904.67 |               3
 store      |  6011006 |       11 |           6 |  20811.05 |               8 | store      |  6011006 |       11 |           6 |  27655.52 |               6
 store      |  6012001 |       12 |           6 |   6351.50 |               2 | store      |  6012001 |       12 |           6 |   4424.75 |               6
 store      |  6012003 |       12 |           6 |  22975.34 |               4 | store      |  6012003 |       12 |           6 |  17919.40 |               3
 store      |  6012005 |       12 |           6 |   8140.74 |               1 | store      |  6012005 |       12 |           6 |  22172.46 |               4
 store      |  6012006 |       12 |           6 |   8508.38 |               2 | store      |  6012006 |       12 |           6 |  13814.39 |               3
 store      |  6012008 |       12 |           6 |   5566.50 |               2 | store      |  6012008 |       12 |           6 |   9769.84 |               6
 store      |  6013003 |       13 |           6 |  15851.94 |               4 | store      |  6013003 |       13 |           6 |  22336.58 |               4
 store      |  6013004 |       13 |           6 |  21513.18 |               6 | store      |  6013004 |       13 |           6 |  11283.60 |               4
 store      |  6013005 |       13 |           6 |   9148.05 |               4 | store      |  6013005 |       13 |           6 |  28142.70 |               9
 store      |  6013008 |       13 |           6 |  10399.36 |               4 | store      |  6013008 |       13 |           6 |  20425.85 |               2
 store      |  6014001 |       14 |           6 |  10386.27 |               4 | store      |  6014001 |       14 |           6 |   6928.98 |               2
 store      |  6014003 |       14 |           6 |  17290.72 |               3 | store      |  6014003 |       14 |           6 |  10147.72 |               5
 store      |  6014004 |       14 |           6 |  68370.75 |              11 | store      |  6014004 |       14 |           6 |   4968.20 |               2
 store      |  6014005 |       14 |           6 |  17474.80 |               2 | store      |  6014005 |       14 |           6 |  14270.13 |               2
 store      |  6014008 |       14 |           6 |  10086.81 |               5 | store      |  6014008 |       14 |           6 |  17359.68 |               3
(100 rows)

