 item_sk |   d_date   | web_sales | store_sales | web_cumulative | store_cumulative 
---------+------------+-----------+-------------+----------------+------------------
       9 | 2001-02-06 |           |       19.99 |          57.56 |            19.99
       9 | 2001-02-28 |           |       30.32 |          57.56 |            30.32
       9 | 2001-03-09 |           |       50.20 |          57.56 |            50.20
      17 | 2001-07-22 |    126.33 |             |         126.33 |            60.89
      19 | 2001-05-22 |           |       10.05 |         152.39 |            10.05
      19 | 2001-06-19 |    206.81 |             |         206.81 |            10.05
      19 | 2001-08-19 |           |       65.09 |         206.81 |            65.09
      21 | 2001-03-15 |           |       12.67 |          73.00 |            12.67
      21 | 2001-04-10 |     86.00 |             |          86.00 |            12.67
      21 | 2001-05-13 |           |       24.59 |          86.00 |            24.59
      21 | 2001-06-27 |           |       30.93 |          86.00 |            30.93
      21 | 2001-08-07 |    106.47 |             |         106.47 |            30.93
      21 | 2001-08-14 |           |       57.52 |         106.47 |            57.52
      21 | 2001-08-23 |    157.78 |             |         157.78 |            57.52
      21 | 2001-09-07 |    223.63 |             |         223.63 |            57.52
      21 | 2001-09-17 |    256.90 |             |         256.90 |            57.52
      21 | 2001-10-16 |           |      109.10 |         256.90 |           109.10
      21 | 2001-10-17 |    267.91 |             |         267.91 |           109.10
      21 | 2001-10-18 |           |      168.96 |         267.91 |           168.96
      21 | 2001-10-21 |           |      227.26 |         267.91 |           227.26
      21 | 2001-11-05 |           |      230.50 |         267.91 |           230.50
      21 | 2001-12-01 |           |      241.43 |         267.91 |           241.43
      21 | 2001-12-09 |           |      251.45 |         267.91 |           251.45
      21 | 2001-12-15 |    300.26 |             |         300.26 |           251.45
      23 | 2001-07-09 |     73.32 |             |          73.32 |            20.05
      23 | 2001-07-13 |           |       38.17 |          73.32 |            38.17
      23 | 2001-08-08 |    217.07 |             |         217.07 |           113.78
      23 | 2001-08-16 |           |      143.11 |         217.07 |           143.11
      23 | 2001-08-22 |    221.66 |             |         221.66 |           143.11
      23 | 2001-09-07 |    231.19 |             |         231.19 |           143.11
      23 | 2001-09-24 |           |      148.66 |         231.19 |           148.66
      23 | 2001-09-26 |           |      151.48 |         231.19 |           151.48
      23 | 2001-10-09 |           |      159.29 |         231.19 |           159.29
      23 | 2001-10-10 |           |      162.70 |         231.19 |           162.70
      23 | 2001-11-12 |    292.63 |             |         292.63 |           162.70
      23 | 2001-11-19 |           |      170.28 |         292.63 |           170.28
      23 | 2001-11-24 |           |      183.79 |         292.63 |           183.79
      27 | 2001-02-22 |    118.56 |             |         118.56 |            31.53
      27 | 2001-03-14 |           |       44.75 |         118.56 |            44.75
      27 | 2001-04-13 |           |      110.00 |         118.56 |           110.00
      27 | 2001-05-08 |           |      117.97 |         118.56 |           117.97
      27 | 2001-09-15 |    237.88 |      138.28 |         237.88 |           138.28
      27 | 2001-09-19 |           |      205.00 |         237.88 |           205.00
      27 | 2001-10-01 |           |      214.46 |         237.88 |           214.46
      27 | 2001-10-12 |    395.27 |             |         395.27 |           214.46
      27 | 2001-10-17 |           |      320.64 |         395.27 |           320.64
      27 | 2001-11-08 |           |      322.32 |         395.27 |           322.32
      27 | 2001-11-14 |           |      387.31 |         395.27 |           387.31
      27 | 2001-11-26 |           |      390.37 |         395.27 |           390.37
      29 | 2001-04-05 |           |       16.13 |         111.06 |            16.13
      29 | 2001-04-10 |           |       26.13 |         111.06 |            26.13
      29 | 2001-05-28 |           |      110.57 |         111.06 |           110.57
      35 | 2001-03-10 |     34.70 |             |          34.70 |             9.07
      43 | 2001-04-08 |     57.26 |             |          57.26 |            36.24
      43 | 2001-05-18 |           |       44.75 |          57.26 |            44.75
      43 | 2001-06-03 |    113.32 |             |         113.32 |            44.75
      43 | 2001-06-10 |           |       52.15 |         113.32 |            52.15
      43 | 2001-06-15 |    234.61 |             |         234.61 |            52.15
      43 | 2001-06-22 |           |      118.21 |         234.61 |           118.21
      43 | 2001-06-23 |           |      159.80 |         234.61 |           159.80
      43 | 2001-06-26 |           |      163.60 |         234.61 |           163.60
      43 | 2001-07-03 |           |      180.17 |         234.61 |           180.17
      43 | 2001-07-30 |    272.50 |             |         272.50 |           180.17
      43 | 2001-08-15 |           |      203.67 |         272.50 |           203.67
      43 | 2001-08-25 |           |      231.88 |         272.50 |           231.88
      43 | 2001-09-11 |    332.41 |             |         332.41 |           231.88
      43 | 2001-09-15 |           |      302.20 |         332.41 |           302.20
      45 | 2001-02-02 |           |       76.29 |         206.50 |            76.29
      45 | 2001-02-05 |    224.35 |             |         224.35 |            76.29
      45 | 2001-02-08 |    239.58 |             |         239.58 |            76.29
      45 | 2001-02-16 |    297.54 |             |         297.54 |            76.29
      45 | 2001-02-17 |           |       76.29 |         297.54 |            76.29
      45 | 2001-03-24 |           |      107.91 |         297.54 |           107.91
      45 | 2001-04-07 |           |      136.75 |         297.54 |           136.75
      45 | 2001-04-29 |           |      144.94 |         297.54 |           144.94
      45 | 2001-05-12 |           |      148.17 |         297.54 |           148.17
      45 | 2001-05-19 |    440.70 |             |         440.70 |           148.17
      45 | 2001-07-20 |           |      152.47 |         440.70 |           152.47
      45 | 2001-08-21 |           |      231.43 |         440.70 |           231.43
      45 | 2001-09-08 |           |      233.27 |         440.70 |           233.27
      45 | 2001-09-10 |           |      251.13 |         440.70 |           251.13
      45 | 2001-09-21 |    509.99 |             |         509.99 |           251.13
      45 | 2001-09-23 |           |      264.76 |         509.99 |           264.76
      45 | 2001-10-11 |           |      360.34 |         509.99 |           360.34
      45 | 2001-10-13 |    529.10 |             |         529.10 |           360.34
      45 | 2001-11-21 |    614.46 |             |         614.46 |           360.34
      45 | 2001-12-15 |           |      371.20 |         614.46 |           371.20
      45 | 2001-12-18 |           |      375.05 |         614.46 |           375.05
      45 | 2001-12-23 |    708.15 |             |         708.15 |           375.05
      45 | 2001-12-26 |           |      388.77 |         708.15 |           388.77
      49 | 2001-03-04 |     62.66 |       20.44 |          62.66 |            20.44
      49 | 2001-03-10 |     67.72 |             |          67.72 |            20.44
      53 | 2001-06-17 |    181.91 |             |         181.91 |             7.14
      53 | 2001-07-29 |    184.26 |             |         184.26 |             7.14
      53 | 2001-08-03 |           |       26.47 |         184.26 |            26.47
      53 | 2001-09-01 |    223.16 |             |         223.16 |            26.47
      53 | 2001-09-02 |    235.01 |             |         235.01 |            26.47
      53 | 2001-09-04 |           |       78.07 |         235.01 |            78.07
      53 | 2001-09-06 |           |      125.35 |         235.01 |           125.35
      53 | 2001-09-10 |           |      201.57 |         235.01 |           201.57
(100 rows)

