 prev_year | year | i_brand_id | i_class_id | i_category_id | i_manufact_id | prev_yr_cnt | curr_yr_cnt | sales_cnt_diff | sales_amt_diff 
-----------+------+------------+------------+---------------+---------------+-------------+-------------+----------------+----------------
      2001 | 2002 |    8012002 |         12 |             8 |           122 |        2760 |        1148 |          -1612 |      -21149.95
      2001 | 2002 |    8004006 |          4 |             8 |             7 |        2263 |        1067 |          -1196 |       -3655.56
      2001 | 2002 |    8015004 |         15 |             8 |           119 |        2504 |        1344 |          -1160 |      -52851.26
      2001 | 2002 |    8003010 |          3 |             8 |           277 |        1524 |         434 |          -1090 |      -32409.50
      2001 | 2002 |    8009002 |          9 |             8 |           291 |        1898 |         818 |          -1080 |      -89295.07
      2001 | 2002 |    8010002 |         10 |             8 |           874 |        2106 |        1074 |          -1032 |      -58063.37
      2001 | 2002 |    8008008 |          8 |             8 |           246 |        1993 |        1080 |           -913 |      -63252.21
      2001 | 2002 |    8004010 |          4 |             8 |           128 |        2218 |        1334 |           -884 |      -46165.93
      2001 | 2002 |    8005002 |          5 |             8 |           324 |        2068 |        1185 |           -883 |      -33226.75
      2001 | 2002 |    8008009 |         12 |             8 |            62 |        1748 |         865 |           -883 |      -31262.50
      2001 | 2002 |    8016004 |         16 |             8 |           575 |        1909 |        1043 |           -866 |      -43745.07
      2001 | 2002 |    8004008 |          4 |             8 |           287 |        1656 |         816 |           -840 |      -78716.63
      2001 | 2002 |   10009001 |         14 |             8 |           213 |        1524 |         711 |           -813 |      -33948.79
      2001 | 2002 |    8016010 |          2 |             8 |           295 |        2123 |        1319 |           -804 |      -33893.39
      2001 | 2002 |    8002004 |          2 |             8 |           764 |        1520 |         718 |           -802 |      -22743.29
      2001 | 2002 |    8011010 |         11 |             8 |           365 |        1533 |         734 |           -799 |      -34183.25
      2001 | 2002 |    8007008 |          7 |             8 |           193 |        2558 |        1769 |           -789 |      -27169.74
      2001 | 2002 |    8004004 |          4 |             8 |           238 |        1730 |         950 |           -780 |      -16321.33
      2001 | 2002 |    8001002 |          1 |             8 |           612 |        1797 |        1040 |           -757 |      -47251.57
      2001 | 2002 |    8005008 |          5 |             8 |           864 |        1679 |         946 |           -733 |      -24163.80
      2001 | 2002 |    3002001 |          2 |             8 |            11 |        1819 |        1100 |           -719 |       -6407.98
      2001 | 2002 |    8007010 |          7 |             8 |           253 |        1694 |         993 |           -701 |      -37701.50
      2001 | 2002 |    8016007 |         16 |             8 |           231 |        1822 |        1122 |           -700 |       -9982.48
      2001 | 2002 |    8008002 |          6 |             8 |            72 |        1655 |         958 |           -697 |      -36457.35
      2001 | 2002 |    8003010 |          3 |             8 |           606 |        1700 |        1012 |           -688 |      -38358.41
      2001 | 2002 |    9004003 |          4 |             8 |           191 |        1650 |         967 |           -683 |      -18052.99
      2001 | 2002 |    8013006 |         13 |             8 |           575 |        1685 |        1003 |           -682 |       -9820.16
      2001 | 2002 |    8011002 |         11 |             8 |           587 |        1877 |        1210 |           -667 |      -22681.33
      2001 | 2002 |    8005006 |          5 |             8 |            89 |        1618 |         965 |           -653 |      -14027.44
      2001 | 2002 |   10016012 |         13 |             8 |            46 |        1275 |         634 |           -641 |      -22518.81
      2001 | 2002 |    8009006 |          9 |             8 |           310 |        1897 |        1270 |           -627 |      -10128.90
      2001 | 2002 |    1004001 |          4 |             8 |            29 |        1973 |        1349 |           -624 |       -1658.33
      2001 | 2002 |    8004010 |          4 |             8 |            24 |        1674 |        1051 |           -623 |      -43987.20
      2001 | 2002 |    8007008 |          7 |             8 |            69 |        1380 |         771 |           -609 |      -40405.86
      2001 | 2002 |    8005008 |          5 |             8 |            48 |        1541 |         949 |           -592 |      -42262.00
      2001 | 2002 |    8002002 |          2 |             8 |           771 |        1867 |        1275 |           -592 |      -25620.58
      2001 | 2002 |    2002001 |          2 |             8 |            65 |        1884 |        1310 |           -574 |      -16711.80
      2001 | 2002 |    8014010 |         14 |             8 |            74 |        1587 |        1015 |           -572 |      -55652.44
      2001 | 2002 |    8002008 |          3 |             8 |           645 |        1099 |         536 |           -563 |      -20371.86
      2001 | 2002 |    8009010 |          9 |             8 |           155 |        1422 |         860 |           -562 |         881.93
      2001 | 2002 |    8008006 |          8 |             8 |           199 |        1398 |         845 |           -553 |      -11310.64
      2001 | 2002 |    2001001 |          1 |             8 |           231 |        1374 |         823 |           -551 |      -42617.67
      2001 | 2002 |    8007007 |         11 |             8 |           290 |        1777 |        1236 |           -541 |      -42797.26
      2001 | 2002 |    8014002 |         14 |             8 |           487 |        1661 |        1127 |           -534 |      -30860.23
      2001 | 2002 |    8010006 |         10 |             8 |           285 |        1682 |        1150 |           -532 |      -37881.11
      2001 | 2002 |    8001002 |          1 |             8 |           752 |        1720 |        1192 |           -528 |       -7515.70
      2001 | 2002 |    8013002 |         13 |             8 |           521 |        1476 |         954 |           -522 |      -58030.01
      2001 | 2002 |    9005009 |         12 |             8 |           503 |        1485 |         974 |           -511 |      -20271.73
      2001 | 2002 |    7005005 |          5 |             8 |           781 |        1650 |        1139 |           -511 |      -19028.52
      2001 | 2002 |    2001001 |          1 |             8 |           175 |        1792 |        1288 |           -504 |      -12146.80
      2001 | 2002 |    8015002 |         15 |             8 |            18 |        1630 |        1131 |           -499 |       -8659.45
      2001 | 2002 |    8013006 |         13 |             8 |           195 |        1310 |         814 |           -496 |      -22155.69
      2001 | 2002 |    8008010 |          4 |             8 |           167 |        1429 |         933 |           -496 |      -10776.47
      2001 | 2002 |    8012006 |         12 |             8 |           462 |        1494 |        1002 |           -492 |      -23455.37
      2001 | 2002 |    8003006 |          3 |             8 |           266 |        1423 |         932 |           -491 |        8226.41
      2001 | 2002 |    8004004 |          4 |             8 |           360 |        1772 |        1285 |           -487 |      -57426.86
      2001 | 2002 |    8016002 |         16 |             8 |           556 |        1318 |         831 |           -487 |      -18021.62
      2001 | 2002 |    8009002 |          9 |             8 |            54 |        1621 |        1144 |           -477 |      -52499.12
      2001 | 2002 |    8004008 |          4 |             8 |           311 |        1422 |         945 |           -477 |      -31109.72
      2001 | 2002 |    6007001 |          7 |             8 |           582 |        1469 |         995 |           -474 |      -22538.51
      2001 | 2002 |    8009002 |          9 |             8 |           619 |        1529 |        1057 |           -472 |       -8656.57
      2001 | 2002 |    8012006 |         12 |             8 |           839 |        1459 |         987 |           -472 |       -5164.17
      2001 | 2002 |    8007010 |          7 |             8 |           267 |        1518 |        1049 |           -469 |       -2476.45
      2001 | 2002 |    5004001 |         11 |             8 |           340 |        1707 |        1244 |           -463 |      -35515.44
      2001 | 2002 |    8010006 |         13 |             8 |           596 |        1776 |        1318 |           -458 |      -47919.27
      2001 | 2002 |    4001001 |          1 |             8 |           417 |        1601 |        1149 |           -452 |       -8558.74
      2001 | 2002 |    8015004 |         15 |             8 |           139 |        1299 |         849 |           -450 |      -28436.11
      2001 | 2002 |    8015006 |          3 |             8 |           149 |        1586 |        1136 |           -450 |       -2290.71
      2001 | 2002 |    8005009 |          5 |             8 |            15 |        1302 |         855 |           -447 |      -21222.16
      2001 | 2002 |    8005006 |          5 |             8 |           489 |        1551 |        1108 |           -443 |        8446.47
      2001 | 2002 |    8011001 |         11 |             8 |           247 |        1324 |         883 |           -441 |      -19599.24
      2001 | 2002 |    3003001 |          3 |             8 |           171 |        1534 |        1097 |           -437 |      -15219.22
      2001 | 2002 |    8005010 |          5 |             8 |           727 |        1502 |        1070 |           -432 |      -47836.56
      2001 | 2002 |    3002001 |         12 |             8 |           301 |        1549 |        1117 |           -432 |       -4705.62
      2001 | 2002 |    8003006 |          3 |             8 |           113 |        1525 |        1095 |           -430 |      -38786.94
      2001 | 2002 |    8004004 |          4 |             8 |           262 |        1630 |        1206 |           -424 |      -32061.64
      2001 | 2002 |    8003004 |          3 |             8 |           168 |        1431 |        1008 |           -423 |      -19269.76
      2001 | 2002 |    8015008 |          2 |             8 |           253 |        1424 |        1008 |           -416 |        5626.92
      2001 | 2002 |    8015002 |         15 |             8 |           167 |        1467 |        1052 |           -415 |       -4433.12
      2001 | 2002 |    8012006 |         12 |             8 |           821 |        1663 |        1248 |           -415 |       28476.56
      2001 | 2002 |    8005005 |          3 |             8 |           611 |        1725 |        1312 |           -413 |      -57216.71
      2001 | 2002 |    8009006 |          9 |             8 |           168 |        1718 |        1306 |           -412 |      -43477.34
      2001 | 2002 |    8012006 |          2 |             8 |           108 |        1554 |        1142 |           -412 |      -31158.96
      2001 | 2002 |    8001010 |          1 |             8 |           453 |        1469 |        1057 |           -412 |        -566.13
      2001 | 2002 |    8002010 |          2 |             8 |             7 |        1677 |        1265 |           -412 |       27496.52
      2001 | 2002 |    8001008 |          1 |             8 |           205 |        1979 |        1568 |           -411 |      -41673.48
      2001 | 2002 |    2002001 |         13 |             8 |           376 |        1170 |         761 |           -409 |      -28294.03
      2001 | 2002 |    8008010 |          8 |             8 |           120 |        1463 |        1055 |           -408 |      -19977.57
      2001 | 2002 |    8007006 |          7 |             8 |           596 |        1583 |        1176 |           -407 |      -33476.07
      2001 | 2002 |    8013004 |          7 |             8 |           148 |        1683 |        1277 |           -406 |      -31429.56
      2001 | 2002 |    8002010 |          2 |             8 |            60 |        1633 |        1228 |           -405 |      -33740.54
      2001 | 2002 |    8008004 |          8 |             8 |           296 |        1602 |        1202 |           -400 |      -31861.55
      2001 | 2002 |    8016008 |         16 |             8 |            97 |        1457 |        1058 |           -399 |       -9614.48
      2001 | 2002 |    8006002 |          6 |             8 |           264 |        1670 |        1273 |           -397 |       -1255.41
      2001 | 2002 |    8016010 |         16 |             8 |           636 |        1477 |        1081 |           -396 |      -22993.12
      2001 | 2002 |    8008001 |          1 |             8 |           276 |        1338 |         954 |           -384 |      -14269.09
      2001 | 2002 |    8001010 |          1 |             8 |           662 |        1291 |         907 |           -384 |        -428.69
      2001 | 2002 |    8004008 |          4 |             8 |            48 |        1206 |         823 |           -383 |      -41845.51
      2001 | 2002 |    8008010 |          3 |             8 |           495 |        1245 |         862 |           -383 |      -28834.18
      2001 | 2002 |    8003006 |          3 |             8 |           525 |        1406 |        1025 |           -381 |        6653.86
(100 rows)

